0
0
0
0
0
0
0
0
0
0
0
0
0
0
0
0
0
0
0
0
0
0
0
0
0
0
0
0
0
0
0
0
0
0
0
0
0
0
0
0
0
0
0
0
0
0
0
0
0
0
0
0
0
0
0
0
0
0
0
0
0
45
49
48
48
11
1
3
0
3
11
19
27
37
35
40
44
0
0
0
0
0
0
0
100
100
100
100
98
98
98
98
98
98
98
98
98
98
98
98
98
98
98
98
100
100
100
100
100
100
100
100
100
100
100
100
56
56
55
54
47
48
48
47
48
48
48
47
48
48
48
45
0
1
1
1
2
2
2
1
0
0
0
2
2
0
1
1
1
0
0
0
0
0
6
7
8
12
19
0
0
1
0
0
0
0
0
1
6
3
13
11
2
3
1
0
0
0
0
0
100
100
100
100
100
100
100
100
100
100
100
100
100
100
100
100
100
100
100
100
100
100
100
100
100
100
100
100
100
100
100
100
50
54
53
59
64
77
78
78
78
78
78
80
73
75
73
69
20
13
15
29
25
13
12
9
10
11
10
8
6
0
49
56
26
37
8
18
0
12
0
14
1
0
0
0
0
0
4
8
13
19
4
3
0
2
4
7
0
0
0
0
0
0
0
0
100
100
100
100
100
100
100
100
100
100
100
100
100
100
100
100
100
100
100
100
100
100
100
100
100
100
100
100
100
100
100
100
6
18
20
31
47
54
60
63
67
70
67
69
71
69
63
65
51
33
31
19
15
11
7
11
6
0
3
3
1
6
5
0
0
1
5
3
9
38
11
10
14
20
23
29
28
40
55
44
56
57
61
59
54
48
46
42
36
34
28
22
20
12
10
4
100
100
100
100
100
100
100
100
100
100
100
100
100
100
100
100
100
100
100
100
100
100
100
100
100
100
100
100
100
100
100
100
88
88
88
94
96
96
95
96
96
95
93
93
91
89
85
82
77
78
78
78
72
66
51
49
47
42
40
24
34
51
47
44
17
26
42
46
51
36
26
13
17
20
14
31
44
58
57
46
10
14
27
27
30
32
40
47
48
52
62
99
97
96
96
96
98
90
82
82
80
76
68
60
56
52
42
0
