0
0
0
0
0
0
0
0
16
16
16
0
0
24
56
84
84
52
24
44
64
64
80
58
80
76
74
71
93
91
68
71
77
75
76
64
36
47
13
11
28
8
0
5
19
37
10
15
29
38
50
48
42
5
38
45
39
19
41
32
21
51
55
52
36
39
33
37
40
45
53
61
69
79
71
76
80
83
63
64
66
66
66
44
90
90
90
90
90
90
90
90
90
90
90
98
98
98
76
76
76
76
98
76
76
76
66
66
66
66
88
88
98
98
98
98
98
98
97
96
93
84
82
61
48
66
62
33
30
56
50
45
40
35
31
29
28
28
28
19
9
7
4
4
2
2
1
3
1
1
4
3
3
0
4
7
10
14
17
21
24
29
33
38
43
47
53
57
62
67
79
65
66
67
69
92
92
92
92
22
94
94
94
94
94
94
94
94
94
94
94
94
94
94
94
94
94
94
94
66
66
88
88
88
88
88
88
88
66
88
94
94
94
94
93
91
92
89
86
84
56
82
80
80
71
67
65
61
42
27
29
25
21
17
14
11
12
9
8
6
4
0
21
28
28
45
20
52
25
38
0
40
31
29
23
26
29
9
14
18
47
53
58
59
67
78
84
85
83
80
86
66
45
22
22
22
80
80
80
80
80
80
80
80
80
80
80
80
80
80
80
80
80
80
80
90
90
90
90
90
90
90
90
88
90
90
90
90
90
90
90
89
89
88
86
85
83
80
77
75
73
71
73
43
29
41
37
33
29
25
21
19
16
13
11
9
7
6
5
4
5
5
7
7
9
38
11
12
14
20
23
29
30
40
55
44
56
63
41
41
78
78
84
88
88
88
88
66
88
88
66
66
88
88
88
88
88
88
88
98
98
98
98
98
98
98
98
100
100
100
68
68
90
90
90
90
90
90
98
98
98
98
98
98
98
98
98
98
98
86
85
92
92
91
89
89
87
85
59
56
61
62
62
62
56
74
59
35
31
24
20
24
34
51
47
44
33
38
44
46
51
36
26
13
17
22
18
13
24
36
35
24
26
26
11
19
78
78
78
79
80
80
80
79
79
80
80
80
96
96
96
96
96
96
96
96
96
80
80
0
