0
0
0
0
0
0
0
0
0
0
0
0
0
0
0
0
0
0
0
0
0
0
0
8
16
24
22
23
23
21
26
29
23
27
28
30
22
27
7
15
32
12
0
0
3
21
14
31
29
16
12
20
34
7
46
53
57
31
53
44
33
53
47
34
34
15
9
13
16
21
29
37
45
45
43
38
22
15
17
18
10
0
0
0
100
100
100
100
100
100
100
100
100
100
100
100
100
100
100
100
100
100
100
100
100
100
100
100
20
30
40
40
50
50
70
70
80
90
99
98
95
92
90
85
82
76
72
65
62
58
52
47
32
37
33
31
30
30
30
21
11
0
6
4
2
2
1
3
1
1
4
3
9
6
10
13
6
20
23
27
30
35
29
44
39
43
39
43
58
73
87
95
96
97
99
100
100
100
100
100
100
100
100
100
100
100
100
100
100
100
100
100
100
100
100
100
100
100
100
100
100
100
100
100
100
100
100
100
100
100
100
100
100
100
99
97
98
95
92
90
84
84
82
82
73
75
73
69
66
57
35
31
27
23
20
7
14
11
0
0
0
0
49
56
30
47
22
52
25
38
2
42
33
11
15
28
31
35
40
44
39
55
60
65
73
84
90
95
93
90
96
98
99
100
100
100
100
100
100
100
100
100
100
100
100
100
100
100
90
90
100
100
100
100
100
100
100
100
100
100
100
90
70
100
100
100
100
100
100
100
100
99
99
88
76
95
93
90
87
85
83
81
73
65
51
41
37
13
0
5
0
0
0
3
11
9
7
6
5
4
5
5
7
7
9
38
11
12
14
20
23
29
30
40
55
44
56
63
73
73
88
90
96
90
100
100
100
100
100
100
100
100
100
100
100
100
100
100
100
100
100
100
100
100
100
100
100
100
100
100
100
100
100
100
100
100
100
100
100
90
100
100
100
90
100
100
100
100
100
98
97
96
86
85
93
93
91
89
85
82
87
88
88
78
72
66
61
59
45
38
44
24
34
51
47
44
33
38
44
46
51
36
26
13
17
22
18
35
46
58
57
46
72
72
87
95
98
88
88
79
80
80
70
69
69
70
70
70
70
70
70
70
60
50
40
40
40
20
0
0
