0
0
0
0
0
0
0
0
0
0
0
0
0
0
0
0
0
0
0
0
0
0
0
0
0
0
0
0
0
0
0
0
13
23
22
20
28
33
33
33
33
33
33
33
43
43
43
39
31
43
43
43
43
43
43
37
43
43
43
30
30
30
30
30
30
30
30
30
30
30
30
30
25
15
17
12
8
5
3
2
0
0
0
0
0
0
0
0
0
0
0
0
0
0
0
0
0
0
0
0
0
0
0
0
0
0
0
0
0
0
0
0
0
0
0
0
0
0
1
2
5
8
10
2
2
21
21
21
21
21
21
21
21
21
21
21
21
21
24
24
24
42
42
42
42
42
42
42
42
42
40
40
40
40
40
40
40
40
40
40
40
40
40
40
40
40
21
21
21
21
13
5
4
3
1
0
0
0
0
0
0
0
0
0
0
0
0
0
0
0
0
0
0
0
0
0
0
0
0
0
0
0
0
0
0
0
0
0
0
0
0
0
0
0
1
3
2
5
8
10
16
16
18
18
27
25
27
31
34
43
65
69
73
77
80
83
86
86
86
86
86
86
51
44
70
53
74
48
74
62
93
58
67
69
75
72
69
51
51
51
51
45
40
35
27
16
10
5
7
10
4
2
0
0
0
0
0
0
0
0
0
0
0
0
0
0
0
0
0
0
0
0
0
0
0
0
0
0
0
0
0
0
0
0
0
0
0
0
0
0
0
1
1
2
4
5
7
10
13
13
13
13
13
0
0
7
7
7
7
7
7
7
7
7
7
12
12
5
5
5
5
5
5
0
0
0
0
0
0
0
0
0
0
0
0
0
0
0
0
0
0
0
0
0
0
0
0
0
0
0
0
0
0
0
0
0
0
0
0
0
0
0
0
0
0
0
0
0
0
0
0
0
0
0
0
0
0
0
0
0
0
0
0
0
0
0
0
0
0
2
3
4
4
5
7
7
9
11
15
18
13
12
12
12
18
24
27
26
26
26
28
28
28
28
28
28
10
10
10
10
10
10
10
10
10
10
10
10
2
2
17
14
14
14
13
5
2
2
2
1
0
0
0
1
1
0
0
0
0
0
0
0
0
0
0
0
0
0
0
0
