0
0
0
0
0
0
0
0
0
0
0
0
0
0
0
0
0
0
0
0
0
0
0
0
0
0
0
0
0
0
0
0
0
0
0
0
0
0
0
0
0
0
0
0
0
0
0
0
3
4
2
0
0
0
0
3
3
0
0
0
0
0
1
0
0
0
0
0
0
0
0
0
0
0
0
2
0
0
0
0
0
0
36
36
96
96
96
96
96
96
96
96
96
96
96
96
96
96
96
96
96
96
100
100
92
92
92
92
92
92
92
92
92
92
92
96
96
96
95
96
93
90
52
53
4
4
10
11
12
10
8
7
6
5
5
3
6
6
6
5
5
5
6
2
0
0
1
1
1
1
0
1
3
6
8
7
6
10
13
7
0
3
0
2
7
15
17
45
44
51
65
75
74
69
73
72
76
76
80
82
100
100
100
100
100
98
100
98
98
94
94
88
88
88
88
90
88
88
88
90
90
90
90
90
90
90
72
48
54
58
58
56
56
52
51
49
52
61
62
64
46
50
50
58
51
53
55
53
48
39
19
17
15
17
10
7
2
0
0
0
0
0
39
42
22
43
14
40
9
22
0
24
13
5
0
0
1
0
0
0
0
3
8
9
11
10
12
15
7
0
0
0
0
0
0
0
40
40
40
40
40
40
40
40
40
40
40
40
40
40
40
40
40
42
42
42
6
10
10
18
20
20
20
28
30
34
34
40
40
40
40
41
41
42
48
49
43
36
33
23
21
23
15
9
1
1
1
3
3
3
3
3
4
1
3
3
3
4
3
2
1
0
0
0
0
0
0
6
4
6
5
7
4
12
15
0
10
15
25
25
40
40
46
50
50
50
50
0
0
0
0
4
100
100
100
100
100
100
100
100
100
100
100
100
100
100
100
100
100
100
100
100
44
44
48
54
56
62
68
74
78
80
80
80
86
90
90
96
96
96
97
96
58
69
67
65
61
55
45
36
37
38
38
38
28
20
9
3
7
48
44
20
34
51
47
42
31
38
44
46
51
36
26
13
15
18
12
27
30
40
37
26
46
34
45
51
58
54
58
99
100
100
100
99
99
100
100
100
100
100
100
100
100
100
98
98
94
44
40
0
