0
0
0
0
0
0
0
0
0
0
0
0
0
0
0
0
0
0
0
0
0
0
0
0
20
40
38
39
39
53
48
51
45
39
40
18
10
13
7
5
22
2
6
0
9
11
4
9
17
4
0
18
12
0
2
9
3
0
0
14
3
9
7
28
28
9
3
7
10
15
0
7
15
9
7
12
0
0
0
0
0
0
0
0
92
92
92
100
100
94
94
94
76
76
86
86
86
86
86
76
76
76
34
18
18
34
16
16
16
16
16
0
40
62
62
46
68
68
67
88
85
82
58
29
28
22
18
39
36
54
32
27
22
17
31
29
28
12
12
21
11
9
4
2
0
0
0
1
0
0
2
1
0
4
0
3
6
10
13
17
20
25
29
34
33
37
27
31
54
51
49
61
74
75
29
0
0
30
30
30
100
100
100
100
100
98
98
98
98
94
88
88
90
90
94
94
94
86
86
70
70
96
80
80
80
58
64
86
70
70
70
70
86
86
85
83
80
77
52
50
60
44
80
80
71
73
27
39
52
43
21
1
19
0
0
0
6
3
2
0
0
0
41
26
0
17
8
22
11
8
0
28
19
1
11
8
27
15
28
40
45
51
56
61
53
76
82
95
93
90
92
94
87
100
76
36
100
100
100
100
100
100
100
100
100
100
100
92
92
92
92
92
100
100
94
94
94
94
94
94
94
94
94
78
78
82
82
92
92
92
84
99
99
98
70
69
67
70
67
81
79
77
59
51
43
39
35
31
29
25
21
19
0
0
11
9
7
6
5
4
5
5
7
7
9
0
11
12
14
20
23
29
14
24
55
44
56
63
73
73
88
90
94
100
100
100
100
100
94
96
96
80
96
96
96
96
96
96
96
96
96
96
96
92
92
92
100
100
100
100
100
100
100
100
100
100
100
100
100
100
98
98
98
82
98
98
98
98
98
96
95
94
94
93
91
91
89
87
67
64
73
74
74
74
68
66
51
25
33
48
44
24
34
51
47
44
33
38
44
46
51
30
20
7
11
16
12
29
40
56
55
44
48
48
81
73
98
98
98
99
84
84
100
99
99
100
100
100
100
100
100
100
100
100
100
100
100
78
78
0
