0
0
0
0
0
0
0
0
0
0
0
0
0
0
0
0
0
0
0
0
0
0
0
0
0
0
0
0
0
0
0
0
0
0
0
0
0
0
0
0
0
0
0
0
0
0
0
0
0
0
0
0
0
0
0
0
7
0
3
18
0
19
1
4
4
7
0
0
0
0
0
0
0
7
5
10
14
0
0
0
0
0
0
0
66
66
66
0
0
0
0
0
0
0
0
0
0
0
0
0
0
0
0
0
0
0
0
0
0
0
0
0
0
0
0
0
0
0
0
0
19
16
14
11
8
2
0
11
8
4
22
17
12
7
3
1
0
0
0
13
3
1
0
0
0
0
0
3
1
1
4
3
9
0
0
0
0
4
5
9
12
1
5
10
0
0
3
7
20
3
17
0
0
0
0
0
0
0
0
0
84
84
84
82
82
96
96
96
96
96
96
96
96
96
88
88
88
88
88
88
88
88
88
88
88
88
82
60
90
90
90
98
98
98
97
93
94
77
52
72
82
82
80
80
71
73
59
55
30
27
35
31
27
15
12
9
0
0
0
0
0
0
13
20
16
33
8
42
21
34
0
38
21
19
13
16
19
23
28
10
37
43
48
53
61
80
86
91
89
86
96
98
91
86
64
16
88
88
88
88
88
88
88
88
88
88
88
88
88
88
88
88
88
88
88
88
96
96
96
96
96
88
88
88
88
88
88
88
88
96
96
95
95
94
88
87
85
82
79
77
81
57
49
41
49
39
35
31
21
13
9
7
4
7
5
3
1
0
5
4
5
5
7
7
0
26
0
0
0
2
5
11
28
38
53
42
54
61
71
71
86
78
84
88
88
96
96
96
96
96
52
52
88
88
88
88
88
88
88
88
88
88
88
88
88
88
88
88
88
88
88
88
88
88
88
88
88
88
50
72
94
94
94
66
88
88
88
88
88
86
85
84
84
83
81
81
79
77
73
70
75
76
76
84
78
72
35
33
51
44
40
20
30
47
43
40
29
34
40
42
47
32
22
9
0
0
0
15
26
38
37
26
44
44
87
95
98
76
76
77
100
100
100
99
99
100
100
100
100
100
100
100
100
100
100
100
100
100
100
0
