0
0
0
0
0
0
0
0
0
0
0
0
0
0
0
0
0
0
0
0
0
0
0
0
0
0
0
0
0
0
0
0
0
0
0
0
0
0
0
0
0
0
0
0
0
0
0
0
0
0
0
0
0
0
0
0
0
0
0
0
0
9
13
8
8
0
0
0
0
4
0
0
1
0
0
0
0
0
0
0
0
0
0
0
0
0
0
0
0
0
9
0
0
0
0
0
0
0
0
0
0
0
0
0
0
0
0
0
0
0
0
0
0
0
0
0
0
0
0
0
0
0
0
0
0
0
0
0
0
0
0
0
0
5
1
0
1
1
1
0
0
4
1
0
0
0
0
0
0
0
0
0
3
0
4
0
0
0
3
8
11
11
3
8
0
2
2
3
8
0
5
13
14
13
0
1
1
1
1
1
94
94
94
94
94
88
87
93
93
93
93
93
93
93
93
95
82
82
82
82
99
99
99
99
99
99
99
99
99
97
97
89
89
89
76
84
69
39
50
77
71
71
60
41
32
34
32
40
37
39
20
16
12
9
6
4
1
1
6
4
2
0
12
19
17
34
9
27
0
13
0
26
17
15
9
12
14
18
28
32
37
49
54
60
68
66
62
50
29
26
35
37
38
39
23
23
100
100
100
100
100
100
100
100
100
100
100
100
100
100
100
100
100
100
100
97
94
94
94
89
94
98
98
98
98
99
99
98
98
98
98
97
98
89
90
89
85
64
61
41
38
36
45
37
23
14
11
7
21
17
13
11
8
5
3
5
3
2
1
0
1
1
3
3
4
33
6
7
9
18
21
27
28
37
50
39
52
55
68
71
87
89
90
94
88
73
54
37
37
0
0
0
100
100
100
100
100
100
100
100
100
100
100
100
100
100
100
100
100
100
99
99
99
100
100
100
95
95
95
91
91
91
93
93
93
83
100
65
72
70
77
76
76
90
88
90
88
86
82
79
84
79
77
68
62
56
52
54
50
43
39
19
29
46
42
39
28
33
39
41
46
31
21
10
12
22
18
31
38
50
49
39
53
57
85
92
87
87
96
97
98
98
98
97
97
98
98
98
100
100
100
99
99
99
99
98
98
97
89
0
