0
0
0
0
0
0
0
0
0
0
0
0
0
0
0
0
0
0
0
0
0
0
0
0
0
0
0
0
0
0
0
0
0
0
0
0
0
0
0
0
0
0
0
0
0
0
0
0
0
0
0
0
0
0
0
0
0
0
0
0
0
0
0
0
0
0
0
0
0
0
0
0
0
0
0
0
0
0
0
0
0
0
0
0
0
0
0
0
0
0
0
0
0
0
0
0
0
0
0
0
0
0
0
0
0
0
0
0
0
0
0
0
0
0
0
0
0
0
0
0
19
16
14
9
6
0
12
5
2
0
8
3
0
0
0
0
0
6
6
0
0
0
0
0
0
0
0
0
0
0
0
3
9
6
0
0
0
0
0
3
6
11
1
0
0
0
5
7
12
11
3
11
0
0
0
0
0
0
0
0
100
100
100
94
94
84
86
86
90
92
92
98
90
86
86
86
86
86
84
94
94
94
100
78
78
78
78
98
98
98
60
60
82
82
81
79
80
77
58
56
68
68
66
66
73
73
71
67
58
49
25
27
23
9
6
3
0
0
0
0
0
0
13
20
14
21
18
48
15
28
0
42
33
31
15
2
27
31
36
30
35
41
30
49
57
70
76
81
79
76
82
84
95
98
98
48
98
98
98
98
98
98
98
98
98
98
98
96
96
96
96
96
96
96
96
96
94
94
94
94
94
94
66
66
94
90
90
90
90
90
90
99
99
82
92
89
87
90
87
85
45
43
41
33
45
35
31
25
0
21
17
15
6
3
1
0
0
0
0
0
0
0
0
0
0
0
0
0
0
6
19
25
26
20
35
32
44
51
61
61
76
86
92
80
96
98
100
100
100
96
70
70
94
94
94
94
94
94
94
94
94
94
94
96
96
96
96
96
96
96
98
98
98
98
98
98
96
96
96
90
90
90
90
90
90
64
64
88
94
92
91
90
90
89
87
87
85
89
63
68
73
82
82
82
76
70
47
45
41
42
38
18
28
45
41
14
19
24
30
32
37
22
12
0
3
8
4
21
36
48
47
32
52
52
83
91
94
94
96
97
98
98
98
99
99
90
66
40
96
96
96
96
96
96
96
96
96
96
96
0
