0
0
0
0
0
0
0
0
0
0
0
0
0
0
0
0
0
0
0
0
0
0
0
0
0
0
0
0
0
0
0
0
16
16
16
16
16
16
34
34
34
50
72
72
72
54
38
16
0
34
34
50
50
50
34
34
43
50
47
56
56
37
33
36
36
55
56
56
54
38
38
22
22
15
17
12
8
0
0
0
0
0
0
0
0
0
0
0
0
0
0
0
0
0
0
0
0
0
0
0
0
0
0
0
0
0
0
0
0
0
0
0
0
0
0
0
0
0
0
0
5
8
10
15
18
24
26
35
38
42
48
53
58
63
67
69
70
70
70
79
89
91
92
92
92
92
92
97
99
99
96
97
91
84
84
84
84
80
77
73
70
65
61
56
44
44
41
37
32
27
13
0
0
0
0
0
0
0
0
0
0
0
0
0
0
0
0
0
0
0
0
0
0
0
0
0
0
0
0
0
0
0
0
0
0
0
0
0
0
0
0
0
0
0
1
3
2
5
8
10
16
16
18
18
27
25
27
31
34
43
65
69
73
77
80
83
86
86
86
86
86
86
51
44
70
53
78
48
75
62
96
58
67
69
75
72
69
65
60
56
51
45
40
35
27
16
10
5
7
10
4
2
1
0
0
0
0
0
0
0
0
0
0
0
0
0
0
0
0
0
0
0
0
0
0
0
0
0
0
0
0
0
0
0
0
0
0
0
0
0
0
1
1
2
4
5
7
10
13
15
17
19
27
35
49
59
63
67
71
75
79
81
84
87
89
91
93
84
95
96
95
95
93
93
88
62
88
88
82
80
77
71
70
60
45
56
44
37
27
27
12
10
4
0
0
0
0
0
0
0
0
0
0
0
0
0
0
0
0
0
0
0
0
0
0
0
0
0
0
0
0
0
0
0
0
0
0
0
0
0
0
0
0
0
0
0
0
0
0
2
3
4
4
5
7
7
9
11
15
18
13
12
12
12
18
24
39
41
45
52
56
76
66
49
53
56
67
62
56
54
49
64
74
87
74
74
74
65
54
42
43
54
28
28
13
5
2
2
2
1
0
0
0
1
1
0
0
0
0
0
0
0
0
0
0
0
0
0
0
0
