0
0
0
0
0
0
0
0
0
0
0
0
0
0
0
0
0
0
0
0
0
0
0
0
0
0
0
0
0
0
0
0
1
0
0
2
2
1
0
0
0
0
0
0
0
0
0
0
1
2
0
0
0
0
0
3
1
0
0
0
0
1
5
2
2
0
0
0
0
0
0
0
0
0
0
0
0
0
0
0
0
0
0
0
0
4
4
8
16
20
22
26
80
88
94
100
100
100
100
100
100
100
100
100
100
96
96
92
84
80
78
74
48
40
38
34
34
34
35
34
37
38
42
37
38
32
28
27
28
28
28
27
2
1
1
1
2
2
2
1
0
0
0
0
0
0
0
0
0
0
0
0
5
2
2
3
4
8
9
5
0
3
0
0
0
0
0
0
0
0
9
13
6
3
1
0
0
0
0
0
96
96
96
96
96
96
96
96
96
96
96
96
96
96
96
96
98
100
100
100
30
30
30
30
30
30
30
30
30
30
30
30
34
36
35
33
32
83
88
90
60
66
74
76
67
69
67
69
66
57
35
31
27
21
20
17
14
3
0
0
0
0
29
34
8
25
0
28
1
14
0
22
9
9
1
4
7
11
10
8
9
13
18
27
39
2
10
15
13
12
20
22
29
28
36
38
82
82
82
82
82
82
82
78
78
78
80
82
82
88
86
86
82
86
78
78
58
58
62
66
68
74
80
80
76
76
78
76
82
74
70
69
67
68
66
69
43
54
49
47
45
43
29
21
9
1
3
1
1
1
1
1
2
0
1
0
1
0
0
0
1
0
7
7
9
36
11
12
14
20
21
29
30
36
47
34
42
35
43
37
50
46
46
46
44
44
30
28
18
14
12
8
100
100
100
100
100
100
100
100
100
100
100
100
100
100
100
100
100
100
100
100
24
24
24
24
24
24
24
30
42
48
48
48
68
68
72
92
94
92
97
96
84
87
85
89
89
87
85
82
87
88
88
88
82
76
61
59
55
48
44
24
34
51
47
42
33
38
44
46
51
36
26
13
17
22
18
35
34
40
33
24
16
14
27
17
18
22
22
99
98
98
98
97
97
98
98
96
96
96
96
94
94
92
90
86
82
78
76
0
