0
0
4
4
4
4
0
0
0
0
0
0
0
0
0
0
0
0
0
0
0
0
0
0
0
0
0
0
0
0
0
0
0
0
0
0
0
0
0
0
6
0
0
0
0
0
0
0
0
0
0
0
0
0
0
0
0
0
0
0
0
0
4
4
11
0
0
0
0
0
0
7
0
9
0
0
4
7
9
7
0
0
0
0
27
27
14
14
14
14
14
14
14
14
27
27
27
27
27
27
27
27
27
27
27
27
27
27
27
27
27
27
39
12
12
12
12
12
11
10
7
4
12
9
6
3
15
8
5
1
12
7
17
12
24
22
5
5
5
10
7
5
2
0
0
0
0
0
0
1
4
3
9
0
0
1
4
8
11
8
11
16
20
25
30
20
4
23
13
2
1
9
8
9
17
18
18
18
0
0
92
92
92
92
92
92
84
84
84
93
93
93
93
75
66
54
54
54
54
54
37
37
37
37
25
25
25
25
25
35
52
36
36
36
18
16
17
14
18
16
10
10
40
40
37
67
68
50
47
38
16
28
24
20
17
9
6
3
2
3
3
0
32
39
13
30
5
35
8
21
0
10
1
0
0
0
0
1
3
7
12
11
3
8
16
27
0
2
0
0
2
0
0
0
0
11
97
99
99
91
91
91
91
91
91
91
91
91
91
91
91
98
98
100
89
100
100
100
93
93
93
93
93
83
83
83
65
63
63
55
55
47
66
68
66
48
61
74
71
69
76
74
66
58
44
34
30
26
22
18
14
12
13
10
10
7
5
0
0
0
0
0
7
7
9
38
7
4
6
12
15
21
18
30
31
20
32
39
30
30
15
17
8
10
0
0
16
16
16
16
16
16
92
92
92
92
92
92
92
92
92
92
99
99
98
98
98
98
98
95
94
94
95
95
96
96
80
80
84
84
74
74
74
74
62
67
66
66
53
51
50
58
62
80
91
92
90
88
81
78
83
84
80
71
65
59
44
42
42
35
31
11
18
35
31
28
17
18
24
26
31
16
21
8
12
17
13
30
41
53
52
41
72
71
81
76
70
70
77
72
73
73
78
86
86
87
92
95
100
100
100
100
100
100
100
95
95
95
84
84
