0
0
0
0
0
0
0
0
0
0
0
0
0
0
0
0
0
0
0
0
0
0
0
0
0
0
0
0
0
0
0
0
0
10
11
13
5
0
0
0
0
0
0
0
0
0
0
4
12
0
0
0
0
0
0
6
0
0
0
0
0
0
0
0
0
0
0
0
0
0
0
0
5
8
6
11
15
18
7
8
10
10
11
10
10
10
10
10
10
0
0
0
0
0
0
0
0
0
0
0
0
0
0
0
0
15
15
15
15
15
15
15
15
15
15
15
15
15
14
13
10
7
5
0
0
0
0
0
0
0
0
0
0
0
0
0
0
0
0
0
0
0
0
0
0
0
0
0
0
0
0
0
0
0
0
0
0
0
0
0
0
0
0
0
0
0
0
0
0
0
8
13
14
15
17
18
18
18
18
18
0
0
0
0
0
0
0
0
0
0
0
0
0
0
0
0
0
0
0
0
0
0
0
14
14
14
14
14
24
24
10
10
10
10
9
7
8
5
9
9
8
6
4
12
3
24
22
18
15
19
9
5
1
9
20
3
0
0
0
0
0
0
23
30
4
21
0
26
0
12
0
35
26
24
18
21
7
0
0
0
0
6
11
16
24
35
22
27
25
22
15
17
0
19
19
19
31
44
44
44
44
44
44
44
44
44
44
44
44
44
44
44
44
44
25
25
25
25
25
21
21
13
13
13
13
13
13
13
13
13
13
12
12
11
9
8
6
3
0
0
0
0
0
0
0
0
0
0
0
0
0
0
0
0
0
0
0
0
0
0
0
0
0
0
0
0
0
0
0
0
0
0
0
0
0
0
0
0
0
0
0
0
0
0
4
4
4
0
0
0
0
0
0
0
0
0
0
0
0
0
0
0
0
0
0
0
0
0
15
15
15
15
15
15
15
15
33
33
33
47
47
47
47
47
47
47
47
47
47
45
44
29
29
28
34
34
32
30
26
23
28
29
29
29
8
3
0
0
0
0
0
0
0
0
0
0
0
0
0
0
0
0
0
0
0
0
0
0
0
0
0
0
0
0
1
9
12
12
12
13
21
12
12
11
11
12
12
12
12
14
14
14
14
12
12
10
10
10
10
0
