0
0
0
0
0
0
0
0
0
0
0
0
0
0
0
0
0
0
0
0
0
0
0
0
0
0
0
0
0
0
0
0
0
0
0
0
0
0
0
0
0
0
0
0
0
0
0
0
0
0
0
0
0
0
0
0
0
0
0
0
0
0
0
0
0
0
0
0
0
0
0
0
0
0
0
0
0
0
0
0
0
0
0
0
0
0
0
0
0
0
0
0
0
4
4
16
26
30
82
82
86
88
94
98
98
98
98
98
98
98
98
98
98
94
94
82
74
70
17
16
13
12
6
1
2
2
2
1
2
2
2
1
2
1
1
0
0
0
0
0
0
0
0
0
0
0
0
0
0
0
0
1
3
0
4
9
8
12
15
11
0
1
1
0
0
0
0
1
0
0
9
11
10
7
5
4
4
4
4
4
100
98
100
100
100
100
100
100
100
100
100
100
100
100
100
100
100
100
100
100
88
88
92
92
92
92
92
92
92
92
92
92
92
92
91
91
96
93
92
90
0
0
8
10
5
7
9
5
10
7
7
7
3
0
0
0
2
0
0
0
0
0
23
28
18
35
14
44
17
28
0
26
21
19
13
16
3
7
8
10
15
21
26
31
19
30
28
33
67
60
46
48
45
46
46
46
50
100
100
100
100
100
100
100
100
100
100
100
100
100
100
100
100
100
100
100
94
94
94
94
94
94
94
94
94
94
94
94
94
94
94
93
95
94
96
95
59
58
55
53
51
49
41
33
19
9
9
9
9
9
9
9
8
7
7
9
3
2
1
0
1
1
3
7
9
36
9
10
12
18
21
29
30
38
47
32
38
43
53
53
68
70
76
76
76
28
24
20
16
12
8
4
100
100
100
100
100
100
100
100
100
100
100
100
100
100
100
100
100
100
100
100
92
92
92
92
92
92
92
92
92
92
92
92
92
92
92
92
92
98
97
96
80
91
89
89
89
87
85
82
25
26
26
26
20
14
0
0
0
28
24
4
2
7
3
26
17
22
28
44
49
34
24
11
15
20
16
33
44
6
5
0
20
20
35
17
16
16
14
99
98
98
98
97
97
98
98
98
98
98
98
98
98
98
98
98
98
98
98
0
