%ScheduledJobNum workload ScheduledRevenue UsedGreenEnergy UsedBrownEnergy UsedBrownEnergyCost RunningTime
5.81778362189338 179.08926422604 0.901764992886674 158.011503162428 72.0326613164683 0.223322496813517 2.72470004024415 
9.42831240689129 192.564538811045 0.703832409215756 146.145336407942 231.111335276108 0.725166567071198 5.26660445765155 
9.72979176550673 164.514555539886 0.803211781805773 178.116464650249 195.487451012653 0.628459660600844 5.69870306787203 
12.3632324769131 211.075150990364 0.873669714612406 176.960323063872 226.399079526197 0.652938116656413 6.50395115542382 
10.6813759322904 291.247034670637 0.93174560268196 100.433992054207 251.185804325325 0.857704746601093 6.87248873201142 
10.211584706891 442.442142157028 1.20978718591095 71.7725769506304 424.270611073761 1.29055908420767 6.69112028844294 
11.4375321747997 428.909680102727 1.09394610320488 59.1324494736561 408.303546771551 1.32915737947613 6.29224043533366 
12.5331127913504 228.001189304729 0.563252562393707 32.4997487055429 223.732600623424 0.769112068417125 3.66776091188789 
10.6207977341548 298.23500129529 0.716792869305296 23.6476637733102 293.275968446444 0.976369620999906 3.36748171288609 
11.7526793355717 328.282092613452 0.838875875814837 25.5576636876522 316.304964028604 1.00789379508053 2.42642787451914 
11.5879166573812 325.147566726396 0.860085133207134 21.4076298890612 326.034456736546 0.966446249438942 2.05574763342986 
10.2937657528787 375.796980471499 0.964371313787151 39.3149646121518 356.28958446628 1.14685486713699 2.13279095632137 
11.1578795483518 464.576188791724 1.18881893455181 37.5386224112456 445.484847905437 1.38711890909027 2.1668071931129 
8.82455421283175 312.288066188695 0.800477982518728 35.9414302233632 300.279575561195 0.953596969062388 1.88358093919503 
11.3219359568558 294.254901947545 0.680518065343211 41.9366231533787 280.107145313976 0.992074414980797 1.99598191279997 
