6
16
24
34
40
44
54
60
62
72
72
78
86
96
100
100
100
100
98
92
86
90
82
74
78
70
68
69
63
57
54
61
57
49
48
50
50
37
7
13
22
0
0
0
0
11
10
39
39
22
14
18
24
0
46
49
51
29
51
40
27
51
43
34
34
11
5
0
0
0
0
1
1
5
0
2
6
9
11
12
14
14
14
14
100
100
100
100
100
100
100
100
100
100
100
100
100
100
100
100
100
100
100
100
100
100
100
100
100
100
100
100
100
100
100
100
12
2
7
8
11
38
52
57
58
58
64
63
60
58
52
47
42
35
25
23
22
30
28
21
11
7
6
4
2
2
1
3
1
1
4
3
9
0
0
0
0
0
23
23
26
29
33
38
43
51
59
63
68
73
87
95
96
95
99
100
100
100
100
100
100
100
100
100
100
100
100
100
100
100
100
100
100
100
100
100
100
100
100
100
100
100
100
98
96
96
94
94
94
94
94
94
94
92
93
91
90
89
88
84
82
82
78
78
71
73
71
67
64
57
35
31
27
23
20
17
14
11
10
8
6
0
49
56
30
45
22
52
25
38
0
30
21
19
15
18
21
25
30
34
39
49
54
61
67
70
76
85
81
90
96
98
99
100
100
100
100
98
98
98
100
100
100
100
100
100
100
98
100
100
100
100
100
100
100
100
100
100
100
100
100
100
100
100
98
98
98
98
98
98
100
99
99
98
92
85
79
68
87
85
83
81
73
65
51
41
37
33
29
25
21
19
16
13
11
9
7
6
5
4
5
5
7
5
9
38
11
12
14
20
0
0
0
0
15
4
16
19
73
73
88
90
96
100
100
100
100
100
100
100
100
100
100
100
100
100
100
100
100
100
100
100
100
100
100
100
100
100
100
100
100
100
100
100
100
100
100
100
100
100
100
100
100
100
100
100
100
100
100
98
97
96
96
95
93
93
91
89
85
82
87
88
86
84
72
66
51
49
45
42
44
24
34
51
47
44
33
38
44
46
51
36
26
13
17
22
16
33
44
56
55
44
70
72
87
95
98
98
98
99
100
100
100
99
99
100
100
100
100
98
48
48
48
48
48
48
48
40
0
0
