20
40
60
60
80
80
80
80
80
100
100
100
100
100
100
100
100
100
100
100
100
100
100
98
96
94
92
93
93
91
86
89
83
77
78
80
72
67
37
35
52
32
20
9
23
41
34
61
69
56
52
50
24
0
36
43
37
0
13
4
0
23
27
24
24
5
0
3
6
11
19
27
15
5
0
0
0
0
0
0
0
0
0
20
20
60
60
60
60
60
60
60
60
80
80
100
100
100
100
100
100
100
100
100
100
100
100
80
80
60
60
60
60
60
60
60
60
40
39
18
15
12
30
25
22
36
32
25
22
38
32
27
22
17
13
11
10
10
10
1
11
9
6
4
2
2
1
3
1
1
4
3
9
0
0
0
0
0
0
0
0
0
0
4
0
0
0
3
8
13
7
15
16
0
0
0
0
0
0
20
60
60
60
60
60
60
60
60
60
60
60
60
60
60
60
80
80
80
80
80
100
100
100
100
60
60
60
60
60
60
60
60
60
80
79
77
78
75
72
50
64
64
62
82
53
55
73
69
66
57
35
31
27
23
20
17
14
11
10
8
6
0
49
56
10
27
2
12
5
38
0
2
0
0
0
0
0
0
0
4
9
0
0
5
13
24
30
35
33
30
36
38
19
0
0
0
80
80
80
80
80
80
80
80
80
80
80
80
100
100
100
100
100
100
100
100
100
100
100
100
20
20
40
40
40
40
40
60
60
60
60
59
59
58
56
75
73
70
67
85
83
81
73
65
51
41
17
13
9
5
1
0
0
0
0
0
7
6
5
4
5
5
7
0
0
18
0
0
0
0
3
9
10
20
35
4
16
23
33
33
8
30
76
60
60
80
80
100
100
100
100
100
100
100
100
100
100
100
100
100
100
100
100
100
100
80
40
40
40
60
80
80
80
80
100
100
100
100
100
100
100
100
100
100
100
100
100
100
100
98
97
96
96
55
33
13
31
29
5
2
7
48
48
68
82
76
61
59
55
48
44
24
34
51
47
44
33
38
44
46
51
36
26
13
17
22
18
15
6
18
17
6
32
52
67
75
98
98
98
99
100
100
100
99
79
80
80
80
80
40
40
40
40
40
40
40
40
20
20
20
