40
80
80
86
86
86
92
92
92
92
92
92
92
92
92
92
92
86
86
86
92
92
90
88
86
84
82
81
81
79
74
79
73
67
68
70
62
57
27
25
42
22
8
0
11
29
22
49
57
44
40
38
32
0
44
45
39
13
39
30
23
53
57
54
32
13
7
11
14
19
27
35
43
27
25
30
34
21
23
24
26
26
48
100
100
100
100
100
100
100
100
100
100
100
100
94
94
94
94
94
94
94
94
94
94
94
94
94
94
96
96
96
96
96
96
94
94
94
73
72
91
88
86
81
78
72
68
61
58
54
38
33
28
23
19
17
16
16
16
7
0
3
0
0
0
0
0
0
0
0
0
0
9
6
10
13
16
20
23
21
24
35
39
38
43
29
35
39
44
49
47
55
34
35
43
44
54
76
76
76
92
92
92
94
94
94
94
94
94
94
94
94
98
98
98
98
98
98
98
98
82
82
82
82
82
90
90
90
90
90
90
90
90
84
83
81
86
85
82
80
74
80
78
78
69
71
69
65
62
53
31
27
23
19
16
13
10
7
6
4
2
0
45
52
26
43
18
52
25
38
0
40
33
15
9
12
25
29
36
40
45
49
54
59
67
76
82
87
85
82
90
92
93
94
94
78
100
100
100
100
100
100
100
100
100
100
100
98
98
98
98
98
98
98
98
98
98
98
86
86
86
86
86
86
86
86
86
98
90
96
96
95
95
94
92
91
89
86
83
81
79
77
69
61
47
37
33
29
25
5
9
7
4
1
7
5
3
6
5
4
0
0
0
3
5
38
11
12
14
20
23
29
30
40
55
44
56
63
73
73
88
90
96
100
100
100
100
100
100
100
100
100
100
84
94
94
94
94
94
94
94
94
94
94
88
94
94
94
94
94
94
94
94
88
88
88
100
100
100
100
100
100
100
100
100
100
100
90
90
88
87
86
86
85
83
83
81
79
75
72
77
78
78
78
72
66
51
57
53
46
38
18
28
49
45
42
15
20
42
44
49
32
22
9
13
18
14
31
42
38
55
44
72
72
87
95
98
98
98
99
100
96
96
95
79
100
100
100
100
100
100
68
68
68
68
68
50
50
50
0
