15
15
15
15
15
40
40
40
40
40
40
40
40
40
40
47
47
47
47
47
47
47
47
45
43
41
48
49
49
47
42
45
39
33
34
36
28
23
7
5
22
2
0
0
0
0
0
0
30
8
4
2
0
0
8
15
2
0
0
0
0
8
12
9
9
0
0
0
0
0
4
4
12
20
18
23
8
11
13
14
16
16
16
16
16
32
32
32
32
32
53
37
37
37
37
37
37
37
37
37
28
28
28
28
28
28
28
28
28
28
28
28
28
28
28
28
28
28
27
26
16
13
31
26
23
29
25
18
15
11
5
0
12
7
3
1
0
0
0
7
0
0
0
0
0
0
0
0
0
0
0
0
0
0
0
0
0
0
0
1
4
9
6
14
19
23
9
13
18
0
4
0
0
0
0
0
0
0
0
0
32
32
32
32
32
32
32
32
32
67
67
67
71
71
99
99
99
99
64
64
64
64
64
64
64
64
64
64
64
64
64
64
64
64
63
61
30
27
62
70
64
32
30
30
21
23
21
17
14
34
12
8
4
0
0
0
9
6
5
3
1
0
44
51
25
42
17
47
20
33
0
13
4
2
0
0
2
0
1
5
10
16
16
21
29
2
8
13
11
8
14
16
17
18
18
18
28
10
10
10
10
10
10
10
32
32
69
69
69
69
69
69
69
69
69
69
69
69
69
69
69
69
47
47
47
47
47
37
37
37
37
59
59
65
88
87
85
82
79
77
78
76
72
64
50
3
16
12
8
4
0
0
4
5
3
1
0
0
0
0
0
4
6
0
0
0
2
3
5
11
14
0
0
0
5
0
0
0
6
6
21
23
29
33
33
33
33
33
33
33
33
33
66
66
66
66
66
96
96
96
96
96
96
96
96
96
86
52
52
55
34
69
69
69
69
69
69
69
69
69
69
69
69
69
69
69
93
93
93
91
90
89
89
88
86
86
84
82
78
81
22
23
85
85
79
73
58
56
52
45
41
21
13
30
26
18
7
12
0
2
7
26
16
3
7
12
2
19
11
23
22
11
36
36
51
26
29
35
69
70
71
71
71
70
70
71
71
92
93
93
93
93
85
85
85
85
85
85
84
84
