0
26
57
57
57
57
57
57
57
57
57
57
57
92
92
92
92
92
92
92
92
92
92
90
88
86
84
85
85
83
78
70
64
58
59
61
53
48
18
16
33
13
1
0
2
0
30
44
52
39
35
33
31
0
21
28
22
0
20
11
0
30
34
31
31
12
6
10
13
18
22
30
38
48
46
51
55
58
60
48
50
79
64
66
90
90
90
86
86
83
90
88
88
88
88
88
84
84
68
55
55
75
75
75
73
96
96
96
96
96
96
96
96
72
72
72
72
72
71
92
88
85
61
56
53
34
37
26
62
58
52
47
42
32
28
26
25
25
25
16
6
4
5
3
1
1
0
2
0
0
0
0
4
0
3
6
16
20
23
27
30
35
39
44
49
48
54
58
63
68
85
93
94
95
97
98
98
90
90
90
90
90
90
90
90
90
90
90
90
90
90
90
91
91
91
85
85
100
100
100
100
100
100
100
100
100
100
100
100
100
89
84
84
84
82
80
81
78
83
81
75
75
73
73
64
66
64
60
54
45
23
19
15
11
8
5
2
0
0
0
0
0
26
33
7
47
8
43
16
29
0
28
19
17
11
14
17
21
26
30
35
41
46
51
59
77
83
88
86
83
96
98
99
100
90
90
90
90
90
90
90
90
90
90
90
90
90
90
90
83
83
97
97
97
97
97
97
97
97
97
97
98
98
98
98
98
98
98
98
98
83
82
82
81
76
75
83
80
77
75
73
71
63
55
41
31
27
0
0
21
17
15
12
10
8
6
4
3
2
1
2
2
4
4
6
35
8
9
11
17
20
26
27
37
52
41
53
60
70
71
86
88
94
98
98
98
99
99
99
99
99
99
99
99
99
99
99
99
99
99
99
99
99
99
99
99
99
99
99
93
93
93
93
93
93
93
93
93
93
93
98
98
98
100
100
100
100
99
99
97
96
91
91
92
90
90
88
86
82
79
84
85
85
85
79
73
58
56
52
45
41
21
31
48
44
41
30
35
42
35
50
35
15
2
6
11
0
15
45
57
56
45
71
71
86
94
97
97
97
98
99
99
99
98
93
94
94
96
96
94
98
80
71
59
59
59
29
4
0
0
