0
20
40
40
40
40
40
40
40
40
40
40
40
60
60
80
80
80
80
100
100
100
100
98
96
94
92
93
93
91
86
89
83
77
78
80
72
67
37
35
52
32
20
9
23
41
34
61
69
56
32
30
44
7
56
63
57
31
53
44
33
43
47
24
24
5
0
0
0
0
0
7
15
5
3
8
0
0
0
0
0
0
0
0
80
80
80
80
80
80
80
80
80
80
80
80
80
100
100
100
100
100
100
100
100
100
100
100
60
60
60
60
60
60
60
60
60
60
59
58
55
52
50
45
42
56
52
45
42
58
52
47
2
17
13
11
10
10
10
1
11
9
6
4
2
2
1
3
1
1
4
3
9
0
0
0
0
0
0
0
0
0
0
4
0
0
0
3
8
0
7
15
16
0
0
0
0
0
0
0
80
80
80
80
80
80
80
80
80
80
80
100
100
100
100
100
100
100
100
100
100
100
100
100
40
40
40
40
40
40
40
40
60
60
59
57
78
75
92
90
84
84
82
82
73
75
73
69
46
37
35
31
27
23
20
17
0
11
10
0
0
0
9
16
0
7
2
32
5
18
0
22
13
11
0
0
0
0
0
4
9
0
0
25
13
24
30
35
73
70
56
58
59
60
60
80
100
100
100
100
100
100
100
100
100
100
100
80
100
100
100
100
60
60
60
60
60
60
60
40
40
40
40
60
60
80
100
100
100
100
100
99
79
78
76
95
93
90
87
85
83
81
73
65
31
21
17
0
0
0
0
0
0
0
0
0
7
6
5
4
5
5
7
7
9
38
11
12
14
20
23
29
30
20
35
4
16
23
33
33
48
50
56
60
60
60
100
100
100
100
100
100
100
100
100
100
100
100
100
100
100
100
100
100
100
100
100
100
100
100
100
100
100
100
100
100
100
100
100
100
100
100
100
100
100
100
100
100
100
98
97
96
96
95
93
93
91
89
85
82
87
88
88
88
82
76
61
59
55
48
44
24
34
51
47
44
33
38
24
26
31
16
6
0
0
2
0
15
26
38
17
6
32
32
47
55
98
98
98
79
80
80
60
59
59
60
60
60
60
60
60
60
60
60
60
60
60
60
60
60
