0
0
0
0
0
0
0
0
0
0
0
0
0
0
0
0
0
0
0
0
0
0
0
2
4
6
8
7
7
9
14
11
17
23
22
20
28
33
63
65
48
68
80
91
77
59
66
39
31
44
48
50
56
93
44
37
43
69
47
56
67
37
33
36
36
55
60
40
40
40
40
33
25
15
17
12
0
0
0
0
0
0
0
0
0
0
0
0
0
0
0
0
0
0
0
0
0
0
0
0
0
0
0
0
0
0
0
0
0
0
0
0
0
0
0
0
0
0
1
2
5
8
10
15
18
24
28
35
38
42
48
53
58
63
67
69
70
70
70
79
89
91
94
96
98
98
99
97
99
99
96
97
91
80
80
80
80
60
60
60
60
60
60
56
40
40
40
37
32
20
13
5
4
0
0
0
0
0
0
0
0
0
0
0
0
0
0
0
0
0
0
0
0
0
0
0
0
0
0
0
0
0
0
0
0
0
0
0
0
0
0
0
0
0
1
3
2
5
8
10
16
16
18
18
27
25
27
31
34
43
65
69
73
77
80
83
80
89
90
80
80
80
51
44
60
53
78
48
75
62
80
58
67
69
60
60
60
60
60
56
51
40
40
35
27
16
10
5
7
10
4
2
1
0
0
0
0
0
0
0
0
0
0
0
0
0
0
0
0
0
0
0
0
0
0
0
0
0
0
0
0
0
0
0
0
0
0
0
0
0
0
1
1
2
4
5
7
10
13
15
17
19
27
35
49
59
63
60
60
60
60
80
80
80
80
80
93
94
95
96
95
95
93
93
91
62
89
88
86
80
77
71
70
60
45
56
44
37
27
27
12
10
4
0
0
0
0
0
0
0
0
0
0
0
0
0
0
0
0
0
0
0
0
0
0
0
0
0
0
0
0
0
0
0
0
0
0
0
0
0
0
0
0
0
0
0
0
0
0
2
3
4
4
5
7
7
9
11
15
18
13
12
12
12
18
24
39
41
45
52
56
76
66
49
53
56
67
62
56
54
49
64
74
80
80
78
80
65
54
42
43
54
28
28
13
5
2
2
2
1
0
0
0
1
1
0
0
0
0
0
0
0
0
0
0
0
0
0
0
0
