0
39
39
39
39
39
49
49
49
73
97
97
97
97
87
87
87
87
87
87
87
87
87
85
83
81
79
80
80
78
73
76
70
64
65
67
59
30
0
0
15
0
0
0
0
14
7
34
31
29
30
28
22
0
0
3
0
0
22
6
0
25
29
26
26
0
0
0
0
0
0
0
4
14
12
17
21
24
26
27
29
29
29
29
92
92
92
100
100
100
77
81
81
81
81
81
81
81
100
100
100
80
80
80
88
80
80
80
80
80
73
73
90
90
84
84
84
89
88
87
67
64
62
57
54
19
43
38
32
22
9
14
9
6
2
0
0
0
0
16
6
4
1
0
0
0
0
0
0
0
0
3
9
6
10
13
16
0
2
6
9
0
0
0
0
2
8
2
7
12
26
0
1
2
4
5
5
5
5
30
95
95
95
92
92
92
92
92
92
92
99
99
99
99
99
97
97
90
90
90
90
90
100
100
100
100
100
100
100
100
100
100
100
100
99
97
62
59
54
36
60
60
77
80
71
73
71
67
64
55
33
29
25
21
18
15
12
9
8
6
4
0
44
51
25
42
17
47
19
32
0
36
27
25
16
19
22
28
33
37
40
46
37
42
66
75
81
86
84
81
87
89
90
91
91
91
91
91
91
91
91
91
91
74
74
97
97
97
97
97
97
97
97
97
97
97
97
97
97
90
90
90
90
97
97
97
97
100
100
100
100
99
99
98
76
75
73
90
87
85
83
81
73
65
51
41
37
33
29
25
21
19
16
13
0
0
0
0
0
0
0
0
0
0
7
36
9
10
12
18
21
27
28
38
53
42
54
61
57
57
80
82
88
92
92
92
92
92
100
100
100
100
100
100
100
100
100
100
100
100
100
100
100
100
100
100
99
100
100
100
100
100
100
100
100
100
100
100
99
99
99
99
99
87
87
87
87
87
87
83
77
76
76
75
73
73
71
69
65
62
67
64
64
64
58
52
50
48
44
37
33
13
23
49
45
43
32
37
43
45
50
35
25
12
16
21
17
34
45
57
41
30
56
56
71
79
82
82
82
83
84
84
84
83
83
72
72
72
88
88
88
85
85
85
85
85
93
93
44
0
