0
0
0
0
0
0
0
0
0
0
0
0
0
0
0
0
0
0
0
0
0
0
0
2
4
6
8
7
7
9
14
11
17
23
22
20
28
33
63
65
48
68
78
39
39
39
41
26
31
44
48
50
52
52
44
37
43
45
45
45
45
37
33
36
36
45
45
45
45
45
41
33
25
15
17
12
8
5
3
2
0
0
0
0
0
0
0
0
0
0
0
0
0
0
0
0
0
0
0
0
0
0
0
0
0
0
0
0
0
0
0
0
0
0
0
0
0
0
1
2
5
8
10
15
18
24
28
35
38
42
48
53
58
63
67
69
70
70
67
79
86
86
86
86
96
96
96
96
96
96
96
96
74
74
74
74
74
74
74
73
70
65
61
56
51
47
41
37
32
17
13
3
3
3
0
0
0
0
0
0
0
0
0
0
0
0
0
0
0
0
0
0
0
0
0
0
0
0
0
0
0
0
0
0
0
0
0
0
0
0
0
0
0
0
1
3
2
5
8
10
16
16
18
18
27
25
27
31
34
43
65
69
73
77
77
77
86
89
90
92
94
95
51
44
70
53
78
48
75
62
71
58
67
69
71
71
69
61
60
56
51
45
40
35
27
16
10
5
7
10
4
2
1
0
0
0
0
0
0
0
0
0
0
0
0
0
0
0
0
0
0
0
0
0
0
0
0
0
0
0
0
0
0
0
0
0
0
0
0
0
0
1
1
2
4
5
7
10
13
15
17
19
27
35
49
59
63
67
71
75
79
62
84
87
89
91
92
92
92
92
92
95
93
87
87
62
89
88
86
80
77
61
50
50
45
36
36
36
27
27
12
10
4
0
0
0
0
0
0
0
0
0
0
0
0
0
0
0
0
0
0
0
0
0
0
0
0
0
0
0
0
0
0
0
0
0
0
0
0
0
0
0
0
0
0
0
0
0
0
2
3
4
4
5
7
7
9
11
15
18
13
12
12
12
18
24
39
41
45
52
56
76
66
49
53
56
67
62
56
54
49
64
74
87
83
78
82
65
54
42
43
54
28
28
13
5
2
2
2
1
0
0
0
1
1
0
0
0
0
0
0
0
0
0
0
0
0
0
0
0
