0
0
6
6
6
14
14
18
18
22
24
26
28
30
32
34
38
44
44
46
54
54
50
48
48
38
36
35
41
35
28
33
29
21
20
24
12
1
0
0
0
0
0
0
0
0
0
0
1
0
0
0
0
0
28
41
41
21
43
32
21
53
53
50
48
23
13
17
18
15
59
65
67
77
75
76
74
75
77
78
80
78
78
78
78
78
78
78
78
78
100
100
100
100
100
100
100
100
100
100
100
100
100
100
100
100
100
100
100
100
80
80
80
80
80
80
80
76
75
74
67
54
88
85
82
76
72
65
62
58
52
47
42
37
33
31
30
30
30
21
11
9
6
4
2
2
1
3
1
1
4
3
9
6
10
13
16
20
23
27
30
35
39
44
49
53
59
63
68
73
87
95
96
97
99
100
100
100
100
100
100
100
100
100
100
100
100
100
100
100
100
100
100
100
100
100
100
100
100
100
100
100
94
86
86
86
86
86
86
92
54
54
54
58
59
57
58
59
56
58
52
52
8
16
7
13
11
11
8
0
0
0
0
0
0
0
0
0
0
0
0
0
0
0
0
0
0
0
0
0
0
0
0
0
0
0
0
0
0
0
0
0
0
0
0
2
12
15
13
12
18
20
23
24
24
26
28
24
28
28
32
32
36
38
38
42
38
36
36
40
42
42
44
94
94
94
94
96
92
94
92
92
88
86
88
84
88
88
88
82
80
83
79
28
30
31
27
28
31
31
31
29
21
13
3
0
0
0
0
0
0
0
0
0
0
0
0
0
0
0
5
5
7
7
7
38
11
12
14
20
21
29
30
40
55
40
52
57
71
73
88
90
96
100
96
90
90
84
84
82
82
76
74
62
58
58
58
58
54
52
52
52
100
100
100
100
100
100
78
78
78
78
78
78
78
78
78
78
78
78
78
78
100
100
100
100
100
100
100
98
97
96
96
95
93
93
91
89
85
82
87
88
86
86
80
74
59
57
55
48
44
24
34
51
47
44
33
38
44
46
51
36
26
13
17
22
18
35
46
58
57
46
72
72
87
95
98
98
98
99
100
100
80
79
79
80
80
80
52
52
2
2
2
2
2
2
0
0
0
0
