7
7
25
43
43
43
43
60
60
42
42
42
54
54
51
44
52
52
71
71
73
73
54
52
50
48
57
58
58
56
53
63
54
48
49
33
43
20
0
0
21
7
10
0
9
27
33
60
68
55
51
49
43
2
51
58
52
26
49
40
29
59
63
57
60
41
35
39
42
48
56
64
72
82
74
79
83
94
78
79
81
73
63
52
62
62
62
62
62
62
71
62
62
62
80
80
85
100
100
97
97
97
97
97
96
86
93
96
100
100
100
100
100
100
100
100
100
96
95
91
88
85
83
78
75
69
65
58
55
51
45
40
41
36
31
29
25
25
25
21
11
9
4
2
0
1
0
2
0
0
3
2
8
0
7
10
13
17
20
24
27
32
35
40
45
49
57
61
66
71
85
85
93
94
96
97
91
91
91
91
92
95
95
95
92
94
94
96
96
89
89
89
100
100
100
100
100
100
100
100
100
100
100
100
100
100
96
96
96
96
93
93
93
99
99
97
98
95
92
83
77
77
81
81
72
75
73
66
63
54
32
31
27
23
20
16
11
10
9
7
5
0
48
55
29
46
21
51
23
35
0
39
30
22
16
23
26
26
30
34
39
45
50
55
63
82
88
93
91
88
94
97
98
99
100
100
100
100
100
100
100
91
99
91
91
91
86
96
96
96
96
96
82
82
82
98
98
98
98
98
95
95
94
94
94
100
96
96
96
96
96
95
95
94
92
91
92
90
87
85
83
81
73
65
50
41
36
32
28
24
20
5
2
0
6
5
6
5
4
1
2
2
4
4
6
33
6
7
9
15
18
29
29
39
54
43
53
60
73
73
88
90
96
100
97
97
87
100
100
100
100
100
100
100
100
100
100
94
100
98
98
98
95
95
91
88
88
88
94
94
93
93
98
98
98
98
98
98
98
98
98
98
98
98
98
88
88
88
88
86
89
88
88
87
85
88
86
81
77
81
86
87
87
85
79
73
58
59
45
38
43
23
33
50
46
43
33
38
44
46
51
32
22
10
12
17
18
35
45
57
51
45
71
68
83
91
94
97
97
98
99
99
91
94
94
95
93
97
94
92
92
92
77
47
28
15
15
15
0
0
