24
54
78
78
78
94
94
94
94
94
94
86
86
84
90
90
96
96
96
96
96
96
96
94
86
84
82
93
93
91
86
89
83
77
78
80
72
59
13
11
28
8
0
0
0
17
14
47
61
48
44
42
36
0
48
55
49
23
19
10
17
3
7
34
34
15
35
39
46
51
59
45
53
63
61
66
70
73
75
76
78
78
78
50
50
72
72
88
64
64
64
64
64
64
64
64
32
32
16
0
16
16
16
0
0
0
0
0
44
60
60
60
44
44
44
44
44
44
43
20
17
30
22
33
14
0
0
0
0
6
6
1
0
7
3
19
18
18
0
0
0
0
0
0
0
0
0
0
0
0
2
1
3
0
0
3
6
16
19
23
26
31
35
40
43
47
53
49
66
71
85
93
94
95
97
98
96
96
96
96
96
100
100
100
100
100
100
84
84
84
92
92
92
92
92
92
92
84
84
84
84
84
84
84
84
82
100
100
100
100
78
78
78
78
83
85
86
87
80
78
72
72
78
72
63
65
63
59
64
55
33
29
25
15
18
15
12
9
6
4
2
0
45
46
20
37
12
42
13
26
0
30
21
15
25
28
31
35
40
38
43
49
38
59
73
84
90
95
79
78
84
86
93
92
92
92
92
94
92
94
94
94
94
98
98
98
98
100
78
78
100
100
100
100
100
78
100
100
100
74
74
94
94
94
100
100
100
100
100
100
100
99
99
98
92
91
89
86
83
81
79
77
69
61
47
37
33
29
25
13
9
7
4
1
0
0
3
2
1
0
1
0
1
1
0
24
11
12
14
20
23
29
30
40
55
32
46
57
67
67
82
84
90
94
100
90
80
80
88
88
88
88
88
96
96
96
80
88
88
88
88
88
96
96
96
96
96
98
98
98
98
98
96
80
96
96
96
96
96
96
96
94
94
94
94
94
100
100
100
98
85
84
90
89
87
87
85
83
79
76
81
82
82
82
76
70
55
47
47
40
36
20
30
51
47
44
33
38
44
46
49
34
14
1
5
10
0
33
44
56
55
44
54
66
79
87
90
90
90
91
76
94
90
89
89
90
90
90
96
96
96
96
80
98
98
98
98
82
16
0
