16
60
76
76
76
76
76
76
92
92
92
88
88
94
94
94
94
94
94
94
90
90
90
88
86
84
88
89
83
81
76
79
73
67
68
70
62
57
27
35
52
32
20
9
5
37
30
59
67
54
52
50
44
7
56
47
51
25
47
38
27
61
65
62
64
45
39
43
46
51
59
67
75
85
81
84
88
91
93
96
98
98
98
76
100
100
100
100
100
100
96
96
96
96
96
86
86
86
86
86
86
86
86
86
86
86
86
86
86
86
86
100
100
100
100
100
100
100
99
98
79
76
80
75
72
66
62
55
52
48
42
37
32
27
23
21
20
20
20
11
1
0
0
0
0
0
0
0
0
0
0
0
3
0
0
1
4
8
11
15
18
23
27
32
43
47
53
57
56
61
75
83
84
85
87
88
88
88
88
88
88
88
88
98
98
98
98
98
98
98
98
98
98
98
88
88
90
90
90
90
84
84
84
84
84
84
84
84
84
88
88
98
98
98
97
95
96
93
90
88
82
82
58
82
73
75
73
69
66
57
35
31
27
23
20
17
14
11
10
8
6
0
49
56
30
47
22
52
25
38
0
42
33
31
25
28
9
13
18
26
31
37
42
47
55
66
72
77
75
72
78
80
81
82
82
82
82
82
100
100
100
100
100
100
98
98
98
98
98
98
96
96
96
96
96
96
96
98
98
98
98
98
98
92
92
90
90
90
90
96
96
95
95
94
92
91
89
86
83
81
79
77
69
61
45
35
31
27
23
19
15
13
12
9
7
5
3
2
1
0
1
0
0
7
9
38
11
12
14
20
23
29
30
40
55
44
56
63
73
73
88
90
96
100
96
96
96
96
96
96
96
96
96
96
96
88
88
88
88
88
88
90
90
92
92
92
92
92
92
92
92
92
92
92
100
100
100
100
100
100
100
100
100
100
100
84
84
84
82
80
79
78
78
77
75
75
79
77
73
70
75
76
76
76
70
66
35
33
29
22
18
4
14
31
27
24
13
18
24
26
31
16
6
0
0
2
0
15
26
44
43
32
58
58
71
79
82
82
94
95
96
96
96
95
95
96
96
96
96
94
94
94
94
44
88
88
88
44
0
0
