0
0
0
0
0
0
0
0
0
13
13
13
13
13
13
13
13
13
13
13
13
13
13
11
9
7
5
13
13
11
6
9
3
10
11
13
0
0
0
0
0
0
0
0
0
0
0
0
0
0
0
0
0
0
0
0
0
0
0
0
0
0
0
0
0
0
0
0
0
0
0
0
0
8
6
11
15
18
7
8
10
10
11
10
10
10
10
25
25
15
15
15
15
15
15
15
15
15
15
15
15
15
15
15
15
0
0
0
0
0
0
0
0
0
0
0
2
2
20
19
16
13
11
6
3
0
0
0
0
0
0
0
0
0
0
0
0
0
0
0
0
0
0
0
0
0
0
0
0
0
0
0
0
0
0
0
0
0
0
0
0
0
0
0
0
0
0
0
0
0
8
13
14
15
17
18
18
18
18
18
17
17
17
17
17
17
17
17
17
17
17
17
17
17
17
30
30
30
30
30
40
53
53
67
67
67
67
67
67
67
43
43
43
43
42
52
53
50
30
35
29
27
20
20
11
32
30
38
35
13
0
0
0
0
3
5
0
0
0
0
0
0
0
7
0
0
0
3
0
0
0
0
3
9
3
6
9
0
0
7
12
18
23
28
36
47
34
39
37
34
40
42
43
25
25
25
25
12
4
4
4
4
0
0
0
0
0
0
0
0
0
0
0
0
0
0
0
0
0
0
0
0
0
0
0
0
0
0
0
0
0
0
0
0
0
0
0
0
0
0
0
0
0
0
0
0
0
0
0
0
0
0
0
0
0
0
0
0
0
0
0
0
0
0
0
0
0
0
0
0
0
0
0
0
0
0
0
0
6
6
21
23
29
33
37
37
37
33
33
33
33
33
33
33
33
33
33
33
33
33
41
41
41
41
41
41
41
41
26
26
26
26
26
26
26
26
8
8
8
22
22
22
22
22
22
22
22
22
22
20
19
4
4
3
0
0
0
0
0
0
0
0
0
0
0
0
0
0
0
0
0
0
0
0
0
0
0
0
0
0
0
0
0
0
0
0
0
0
0
0
0
0
0
0
1
9
12
12
12
23
31
12
12
11
11
12
12
12
12
14
14
14
14
12
12
10
10
0
0
0
