0
0
0
0
0
0
0
0
0
0
0
0
0
0
0
0
0
0
0
0
0
0
0
2
4
6
8
7
7
9
14
11
17
23
22
20
20
20
20
20
20
20
20
20
30
30
30
30
30
30
30
30
30
30
30
30
30
30
30
30
30
30
30
30
30
30
30
23
23
23
23
23
23
15
17
12
8
5
3
2
0
0
0
0
0
0
0
0
0
0
0
0
0
0
0
0
0
0
0
0
0
0
0
0
0
0
0
0
0
0
0
0
0
0
0
0
0
0
1
2
5
8
10
15
18
21
21
21
21
21
21
21
21
21
21
21
21
21
24
24
24
42
42
40
40
40
40
40
40
40
40
40
40
40
40
40
40
40
40
21
21
21
21
21
21
21
21
21
21
21
13
5
4
3
1
0
0
0
0
0
0
0
0
0
0
0
0
0
0
0
0
0
0
0
0
0
0
0
0
0
0
0
0
0
0
0
0
0
0
0
0
0
0
0
1
3
2
5
8
10
16
16
18
18
27
25
27
31
34
43
56
69
69
69
80
83
76
76
76
76
76
76
51
44
51
51
51
48
51
51
51
51
67
69
75
72
69
59
59
56
51
45
40
35
27
16
10
5
7
10
4
2
1
0
0
0
0
0
0
0
0
0
0
0
0
0
0
0
0
0
0
0
0
0
0
0
0
0
0
0
0
0
0
0
0
0
0
0
0
0
0
0
0
0
0
0
0
0
0
0
0
0
0
0
0
7
7
7
7
7
7
7
7
7
7
12
12
5
5
5
5
5
5
0
0
0
0
0
0
0
0
0
15
15
15
15
33
33
27
27
12
10
4
0
0
0
0
0
0
0
0
0
0
0
0
0
0
0
0
0
0
0
0
0
0
0
0
0
0
0
0
0
0
0
0
0
0
0
0
0
0
0
0
0
0
0
0
0
0
2
3
4
4
5
0
0
0
0
0
0
0
0
0
1
1
0
0
0
0
0
2
2
2
2
2
2
2
2
2
2
2
2
2
2
2
2
2
2
2
2
17
14
14
14
13
5
2
2
2
1
0
0
0
1
1
0
0
0
0
0
0
0
0
0
0
0
0
0
0
0
