0
8
14
16
18
20
24
30
32
36
40
40
40
46
50
54
56
56
50
50
50
50
50
52
52
48
46
53
61
55
56
55
47
35
44
48
44
41
9
0
16
0
0
0
0
0
0
1
13
6
0
0
0
0
56
63
57
31
53
44
33
63
67
64
64
45
39
43
44
47
59
67
75
85
83
88
92
95
97
98
100
100
100
100
100
100
100
100
98
98
98
98
98
98
98
98
100
100
100
100
96
76
100
98
96
94
90
90
90
88
88
88
86
78
74
70
70
70
85
84
81
78
90
85
82
76
72
65
62
58
52
47
42
37
33
31
30
30
30
21
11
9
6
4
2
2
1
3
1
1
2
1
7
4
10
13
16
20
23
27
30
35
39
44
49
53
59
63
68
73
87
95
96
97
99
100
100
100
100
100
100
100
100
100
100
100
100
100
100
100
100
100
100
100
100
100
100
100
100
100
100
100
100
100
100
100
100
100
100
100
100
100
100
100
99
97
98
95
92
90
84
84
82
82
73
75
73
69
66
57
33
29
25
21
20
17
14
11
10
8
6
0
49
56
30
47
22
52
25
38
2
42
33
31
25
28
31
35
40
44
49
55
60
65
73
84
90
95
93
90
96
98
99
100
100
100
100
100
100
100
100
100
100
100
100
100
100
100
100
100
100
100
100
100
98
98
98
98
100
100
100
100
100
100
100
100
100
100
100
100
98
97
97
96
96
95
93
90
87
85
83
81
73
65
51
41
35
31
27
23
21
19
16
13
11
9
7
6
5
4
5
5
7
7
9
38
11
12
14
20
23
29
30
40
55
44
56
63
73
73
88
90
96
100
100
100
100
100
100
100
100
100
100
100
100
100
100
100
100
100
100
100
100
100
100
100
100
100
100
100
100
100
100
100
72
72
72
72
72
72
72
72
72
72
72
72
100
100
100
98
97
96
96
95
93
93
91
89
85
82
87
88
88
88
82
76
61
59
55
48
44
24
34
51
47
44
33
38
44
46
51
36
26
13
17
22
18
35
46
58
57
46
72
72
87
95
98
98
98
99
100
100
100
99
99
100
100
100
100
100
2
2
2
2
2
2
2
2
0
0
