0
0
0
0
68
68
68
68
68
68
68
34
34
34
34
0
0
0
0
0
0
16
16
14
0
20
18
19
19
17
12
15
9
3
20
22
30
9
0
0
34
14
2
0
11
29
0
45
69
38
12
38
32
0
54
61
55
19
41
32
33
63
67
48
64
45
39
27
30
35
43
55
63
81
79
84
84
87
89
90
92
92
92
92
92
92
92
92
92
92
92
92
92
92
88
88
88
88
88
94
100
100
100
100
100
94
94
100
100
100
100
100
100
100
100
94
94
94
93
92
89
86
88
83
80
52
48
51
48
44
52
47
42
25
21
19
16
16
16
21
11
9
0
0
0
0
0
0
0
0
0
0
5
2
6
13
16
20
0
23
26
31
35
40
45
49
55
59
64
61
75
83
84
85
87
88
88
88
96
96
96
96
96
96
88
88
88
88
88
88
88
88
88
88
88
88
88
88
88
88
82
90
90
90
90
90
90
90
90
96
90
90
90
90
89
87
88
85
82
86
80
80
78
78
69
71
69
65
62
53
23
19
15
11
8
5
2
0
0
0
0
0
37
44
18
35
10
40
13
26
0
40
31
29
23
26
29
17
22
26
37
43
48
53
61
72
78
83
81
78
84
86
87
88
88
88
88
88
88
88
88
88
82
82
82
82
98
98
98
82
82
88
88
88
88
88
88
88
88
88
88
88
88
88
94
94
94
94
94
94
94
93
93
92
90
89
87
84
81
79
77
69
61
53
39
29
25
21
17
13
9
7
4
1
0
0
0
0
5
4
5
5
7
7
9
38
0
12
14
20
7
13
14
24
39
28
40
47
57
57
72
74
90
94
94
94
94
94
88
88
88
88
88
88
88
88
88
88
88
88
88
88
88
88
88
88
88
88
88
88
88
88
88
88
88
88
88
88
88
88
88
88
88
88
88
88
88
96
96
94
93
92
92
91
89
89
87
85
81
78
83
84
84
84
78
72
57
55
51
44
40
20
30
47
43
40
29
34
40
42
39
24
14
1
5
10
6
23
34
46
45
34
60
60
75
83
86
86
86
87
88
88
88
87
87
88
88
88
88
88
88
88
66
66
66
66
66
66
44
0
