34
50
98
98
98
98
98
98
98
82
82
82
82
82
82
82
82
82
82
82
82
82
82
80
78
76
74
87
85
83
78
81
75
69
70
72
64
59
31
29
44
24
12
1
15
33
26
53
59
38
38
30
24
0
42
49
43
17
39
30
21
51
33
52
52
31
25
33
38
43
53
61
69
79
61
66
70
73
75
76
78
78
78
96
96
94
76
76
76
76
86
86
86
86
86
86
86
98
88
54
38
38
38
56
56
72
54
54
76
60
60
44
60
60
60
44
44
44
43
20
17
14
6
39
36
30
26
35
48
44
38
33
28
23
19
17
16
16
16
9
0
0
0
0
0
0
0
3
1
1
4
3
0
0
0
1
4
20
23
27
20
25
29
20
47
51
57
55
44
65
79
87
86
87
89
96
96
96
86
86
92
92
92
92
100
100
100
100
100
98
98
98
98
98
98
98
98
98
98
82
96
96
96
88
88
88
88
88
82
82
88
94
94
94
93
91
92
89
82
80
74
84
82
80
71
73
71
67
50
47
25
21
23
19
16
13
10
7
4
0
0
0
49
56
30
47
22
52
25
32
0
20
11
17
11
14
17
21
28
32
45
51
56
65
73
84
90
95
89
86
92
94
95
100
76
96
96
96
96
96
96
78
92
92
90
90
90
90
90
88
88
78
78
86
86
86
86
86
86
94
88
88
88
88
88
88
88
88
88
88
90
89
89
88
86
85
83
80
77
75
73
67
69
61
47
37
33
29
25
21
1
17
14
11
11
9
7
0
0
0
1
1
3
3
5
34
7
8
10
16
19
25
26
36
51
40
52
43
53
71
86
88
94
98
98
94
94
94
94
94
94
94
94
94
94
94
100
100
100
100
100
94
100
100
100
100
100
100
100
100
100
100
84
100
100
100
100
100
78
96
96
96
96
96
96
96
96
96
92
90
89
88
92
91
89
89
87
87
83
64
69
88
88
88
82
64
49
47
43
36
32
12
22
39
35
32
21
26
32
34
39
24
14
1
17
22
18
35
46
58
57
46
72
72
87
95
82
82
96
97
98
98
98
99
99
100
100
100
100
100
100
100
100
100
94
84
84
84
68
0
