2
6
12
16
18
20
30
32
38
40
44
48
52
54
58
68
68
72
74
76
82
84
80
80
84
82
84
85
85
81
80
79
71
63
66
58
58
49
21
17
34
14
4
0
5
27
6
33
35
22
10
8
0
0
56
63
57
31
49
40
21
63
67
62
56
31
25
29
32
37
45
53
61
71
83
88
92
95
97
98
100
100
100
100
98
98
98
100
100
100
100
100
100
100
100
100
98
98
98
98
98
98
100
100
100
100
100
100
100
100
100
100
100
100
66
66
60
60
59
58
55
84
76
71
66
60
56
65
62
58
52
47
42
37
33
31
30
30
30
21
11
9
6
4
2
2
1
0
0
0
0
0
5
2
10
13
16
20
23
27
30
35
39
44
49
53
59
63
68
73
87
95
96
97
73
74
74
74
74
74
74
74
74
74
74
74
74
72
72
100
100
100
100
100
100
100
100
100
100
100
100
100
100
100
100
100
100
100
100
100
100
100
100
100
99
97
98
95
92
90
84
84
82
82
73
75
73
69
66
57
35
31
27
23
12
9
6
3
2
0
0
0
41
48
22
39
14
36
9
38
2
42
33
31
25
28
31
35
40
44
49
55
60
65
73
84
90
95
93
90
96
98
99
100
100
100
100
100
100
100
100
100
100
100
100
100
100
100
100
100
100
100
100
100
100
100
100
100
100
100
100
100
100
100
100
100
100
100
100
100
100
99
99
98
96
95
93
50
47
45
43
41
33
25
11
41
37
33
29
25
21
19
16
13
11
9
7
6
5
4
5
5
7
7
9
38
11
12
14
20
23
29
30
40
55
44
56
61
71
71
86
88
94
100
100
98
98
98
98
98
98
98
98
98
98
98
98
100
100
100
100
100
100
100
100
100
100
100
100
100
100
100
100
100
100
100
100
98
98
98
98
98
98
100
100
98
98
98
98
96
95
96
96
95
93
93
91
89
85
82
87
88
88
88
82
76
61
59
55
48
44
24
34
51
47
44
33
36
42
44
49
34
24
13
17
20
16
33
44
56
55
46
72
72
87
95
98
98
98
99
100
100
100
89
89
6
6
6
6
6
6
0
0
0
0
0
0
0
0
0
