0
4
8
16
16
16
12
12
12
12
12
25
25
25
39
39
39
39
39
39
39
39
31
26
24
22
35
46
46
34
29
32
26
5
6
8
0
0
0
0
0
0
0
0
0
0
0
12
27
31
27
18
12
0
41
48
44
25
45
44
33
63
67
64
63
43
37
41
44
49
57
65
73
83
81
86
90
93
95
96
98
98
99
99
95
92
92
96
94
95
95
95
95
95
91
91
91
89
89
89
89
82
82
82
67
86
86
86
86
98
98
90
90
90
90
76
79
65
64
60
57
54
52
47
44
38
34
27
24
20
14
0
0
0
0
0
0
0
0
0
0
0
0
0
0
0
0
0
0
0
0
0
0
0
0
0
0
0
0
0
0
0
0
0
7
11
51
61
66
71
85
93
86
87
89
95
95
95
95
95
94
98
98
98
98
98
99
99
99
99
95
95
95
89
71
70
70
70
86
86
86
80
80
80
80
80
64
56
53
53
70
87
87
78
60
58
59
56
71
69
63
63
61
63
54
70
68
50
50
43
12
19
15
11
0
0
0
0
0
0
0
0
24
31
5
22
4
31
4
17
0
4
13
20
1
4
20
34
40
35
40
46
58
64
72
83
89
94
91
88
94
88
89
90
90
90
90
99
99
97
97
100
100
100
100
100
98
98
98
98
98
98
98
98
98
96
94
94
95
98
98
93
95
95
93
93
82
82
82
82
66
65
65
64
62
53
51
48
29
23
21
19
0
0
0
0
0
0
0
0
0
0
0
0
0
0
0
0
0
0
0
3
5
5
7
36
9
10
12
18
21
27
28
38
53
42
56
63
73
73
88
90
92
96
96
100
100
100
97
97
86
93
95
95
91
94
94
94
98
80
73
73
73
90
90
90
90
90
90
90
90
94
94
94
95
95
95
95
94
94
78
78
78
82
82
79
78
78
78
72
52
51
51
50
50
50
48
46
27
15
20
26
26
30
31
8
0
0
0
0
0
0
0
0
0
0
0
0
0
0
0
0
0
0
0
0
0
0
0
15
14
3
42
42
57
65
68
68
68
70
52
41
41
40
40
36
43
43
43
43
35
35
31
26
26
26
26
26
7
0
