0
2
2
2
2
8
12
20
22
22
26
32
34
36
40
40
42
42
48
48
48
46
48
46
50
50
46
41
43
41
34
31
25
17
18
22
12
7
0
0
0
0
0
0
0
0
0
0
3
0
0
0
0
0
0
5
1
0
1
42
29
55
63
64
62
43
39
41
46
51
59
67
75
85
79
80
82
81
81
82
100
100
100
98
100
100
100
100
98
98
98
98
98
98
98
98
98
98
98
100
100
100
100
100
98
98
100
66
64
64
64
64
58
54
54
54
54
54
53
98
95
92
90
85
80
74
72
65
62
58
52
47
42
37
33
31
30
30
30
21
11
9
6
4
2
2
0
0
0
0
2
1
9
6
10
13
16
20
23
3
0
0
0
0
3
9
11
13
18
25
41
57
60
61
69
70
74
78
90
74
78
78
80
84
84
82
86
84
82
82
82
74
76
76
78
80
78
76
66
62
60
60
60
54
50
54
50
46
50
48
44
48
48
52
51
49
52
47
46
44
36
42
44
44
35
33
37
35
34
25
1
0
0
0
0
0
0
0
0
0
0
0
17
24
2
19
0
24
0
8
0
12
5
1
0
0
1
0
2
8
15
19
24
43
51
70
76
75
73
66
80
86
87
88
94
94
96
98
98
96
92
94
94
80
82
76
78
64
64
72
68
68
66
70
68
70
70
74
74
80
82
80
80
78
76
74
74
68
68
64
68
67
69
68
64
63
67
64
57
47
43
49
43
43
33
23
23
19
19
19
13
7
2
0
0
0
0
0
0
0
1
0
0
0
0
2
0
0
14
20
17
23
22
28
43
28
38
45
53
53
68
70
76
80
80
80
80
80
100
100
100
100
100
100
100
100
100
100
100
100
100
100
100
100
100
100
100
90
100
100
100
100
100
100
100
100
100
100
100
100
100
100
100
100
100
100
100
100
100
98
97
96
96
95
93
93
91
89
85
82
87
88
88
88
82
76
61
59
55
48
44
24
34
51
47
44
33
36
42
44
49
34
24
11
15
20
16
35
46
58
57
46
72
72
87
95
80
98
98
99
100
100
100
99
99
100
100
88
70
70
70
70
70
70
70
70
24
0
0
0
