%ScheduledJobNum workload ScheduledRevenue UsedGreenEnergy UsedBrownEnergy UsedBrownEnergyCost RunningTime
0.912174409774109 116.758324451086 0.482613589910892 79.2051024654056 50.0236178744854 0.188668228578684 0.340687691291768 
1.01534033560804 129.963562957829 0.430364480846683 56.7873239388708 83.1924711781249 0.299266294805349 0.215236671032348 
1.34411913693094 172.047249527161 0.554304835006298 64.1501881793149 120.702487580693 0.4089334682831 0.126141637944501 
1.61360581812824 206.541544720415 0.630550682566247 53.7640335759765 165.751873691966 0.519845320535248 0.123031598957042 
1.72290140270257 220.531379545929 0.631771988079152 44.4686455972076 191.380219724362 0.589248807578816 0.100578399946263 
1.16933547797022 149.674941180188 0.400509568011011 27.0006256381496 139.488780851769 0.427546197615592 0.108617524779481 
1.46249114489784 187.198866546924 0.499584971308953 34.7743699415989 173.228515751486 0.540296430089371 0.133694086299912 
1.36804206048538 175.109383742129 0.454237183214811 32.8968633367047 166.088141741084 0.521462082513819 0.126487581216615 
1.25842025704857 161.077792902217 0.42286796710863 31.9751894824278 144.064157085085 0.475139756674728 0.131833781315376 
1.45321912955026 186.012048582433 0.491545698567801 37.6417703044709 162.353173305821 0.543022093151987 0.0965762119245765 
0.943258064403817 120.737032243689 0.313219004096812 22.4252917448472 107.78497291831 0.365372751471473 0.0866510836651104 
1.00433441735486 128.554805421422 0.341647090060781 25.7542899816237 110.46443360179 0.379335521997925 0.0548270241705445 
1.11172285264085 142.300525138029 0.411947512572999 34.9665864391609 114.438965455685 0.384360564358309 0.0596308580130034 
0.745862016478956 95.4703381093063 0.262714110047265 21.9231871444891 86.1210800738953 0.274440349072085 0.0491238199090767 
0.718790325722662 92.0051616925007 0.2624858445445 25.8378977238051 70.5939540939828 0.257514473778421 0.0440636905423246 
