0
0
0
0
0
0
0
0
0
0
0
0
0
0
0
0
0
0
0
0
0
0
0
0
0
0
0
0
0
0
0
0
0
0
0
0
0
0
0
0
0
0
0
0
0
0
0
0
0
0
0
0
0
0
0
0
0
0
0
0
0
0
0
0
0
0
0
0
0
0
0
0
0
0
0
0
0
0
0
0
0
0
0
0
0
0
0
0
0
0
0
0
0
4
8
20
30
34
86
86
90
92
98
98
98
98
98
98
98
98
98
98
98
94
90
78
70
66
13
12
9
8
2
1
2
2
2
1
2
2
2
1
2
1
1
0
0
0
0
0
0
0
0
0
0
0
0
0
0
0
0
0
3
2
2
9
8
12
15
11
0
0
1
0
0
0
0
1
0
0
9
13
10
5
7
4
4
4
4
4
100
100
100
100
100
100
100
100
100
100
100
100
100
100
100
100
100
100
100
100
88
88
88
88
88
88
88
88
88
88
88
92
92
92
91
89
90
91
92
90
4
4
30
32
23
25
23
19
16
7
0
27
23
19
16
13
14
7
2
0
0
0
5
10
6
23
4
34
15
28
2
40
33
31
25
28
27
31
36
40
45
51
56
61
47
58
58
63
53
50
46
0
0
0
44
44
50
100
100
100
100
100
100
100
100
100
100
100
100
100
100
100
100
100
100
100
94
94
94
94
94
94
94
94
94
94
94
94
94
94
94
93
93
94
96
95
93
90
87
85
83
81
37
29
15
5
9
7
3
9
9
7
4
7
7
7
7
6
5
4
5
5
3
7
9
34
9
12
14
18
23
29
30
32
41
28
38
45
55
55
70
72
74
74
74
28
18
14
14
6
0
0
100
100
100
100
100
100
100
100
100
100
100
100
100
100
100
100
100
100
100
100
86
86
86
86
86
86
86
86
94
96
96
96
96
96
96
96
96
94
93
96
76
83
81
81
83
81
81
78
15
14
14
14
14
14
11
13
15
16
16
0
4
17
37
44
33
38
40
42
49
34
24
11
9
8
0
5
8
58
57
44
72
72
87
95
98
98
98
99
98
98
98
97
97
98
98
98
98
52
48
48
42
38
14
4
0
0
0
0
