0
0
0
0
0
0
0
0
0
0
0
0
0
0
0
0
0
0
0
0
0
0
0
0
0
0
0
0
0
0
0
0
1
0
0
2
2
1
0
0
0
0
0
0
0
0
0
0
5
6
4
2
0
0
0
7
5
0
0
0
0
7
11
8
8
0
0
0
0
0
0
0
0
3
1
6
0
0
0
0
0
0
0
0
0
0
0
0
0
0
0
4
58
64
70
76
80
84
84
86
90
90
90
90
90
92
92
94
96
96
100
100
62
56
54
48
44
42
43
42
35
32
36
35
36
32
30
25
22
24
14
13
2
1
1
0
2
0
0
7
0
3
0
0
0
0
0
0
0
0
2
1
5
4
4
9
8
12
15
0
0
0
0
0
0
0
0
1
2
1
15
15
8
3
1
0
0
0
0
0
96
96
96
96
96
96
96
96
96
96
96
96
96
96
96
96
98
100
100
100
38
38
38
38
38
38
38
38
38
38
38
38
40
42
49
47
46
93
92
90
58
58
70
72
63
69
67
63
60
55
35
31
25
21
14
13
10
9
8
8
4
0
35
40
14
27
2
32
7
16
0
24
17
15
5
6
9
7
10
12
17
21
32
37
53
18
26
33
31
32
36
38
39
38
38
42
96
96
96
96
90
94
88
88
84
84
86
90
88
88
84
84
86
86
86
82
58
62
68
68
68
64
64
68
64
64
60
66
68
70
72
77
73
74
94
93
63
66
57
59
57
55
49
39
25
13
9
3
3
1
1
0
0
1
1
1
3
2
3
4
5
5
5
7
9
38
11
12
12
20
23
25
28
34
45
32
38
35
43
37
52
52
38
38
38
38
38
36
36
34
30
32
100
100
100
100
100
100
100
100
100
100
100
100
100
100
100
100
96
92
92
92
54
54
54
54
54
54
54
58
64
66
66
66
70
70
90
98
100
94
91
86
96
95
93
93
91
89
85
82
87
88
88
88
82
76
61
59
55
48
44
24
34
51
47
44
33
38
44
46
51
36
26
13
17
22
18
35
46
58
57
46
72
72
87
95
98
98
98
99
100
100
100
99
99
100
100
96
90
88
88
88
34
34
14
2
0
0
0
0
