0
0
0
0
0
0
0
0
0
0
0
0
0
0
0
0
0
0
0
0
0
0
0
0
0
0
0
0
0
0
0
0
0
0
0
0
0
0
0
0
0
0
0
0
0
0
0
0
0
0
4
2
0
0
8
15
9
0
5
0
0
0
0
0
0
0
0
0
0
1
9
0
7
1
0
0
0
0
0
0
0
0
0
0
0
0
0
0
0
0
0
0
0
0
0
0
0
0
0
0
0
0
0
0
0
0
0
0
0
0
0
0
0
0
0
0
0
0
0
0
19
16
14
9
6
16
12
5
10
22
16
11
6
0
11
9
6
6
6
0
0
0
0
0
0
0
0
0
0
0
0
3
9
6
0
0
0
0
0
3
6
11
1
0
0
0
5
7
12
11
3
11
0
0
0
0
0
0
0
0
100
100
100
92
92
92
98
98
100
84
84
86
86
86
86
84
94
94
100
100
94
94
94
82
82
82
78
66
66
66
88
66
74
74
73
87
88
63
60
58
46
68
66
60
51
53
51
47
46
47
25
1
19
15
12
9
0
0
0
0
0
0
35
20
10
43
18
16
17
30
0
34
25
15
15
18
27
31
36
30
35
43
32
51
59
70
76
81
79
76
82
84
99
92
92
40
98
98
98
98
98
96
96
96
96
96
96
96
96
96
96
94
94
94
94
94
94
94
94
94
94
90
90
90
90
94
94
94
62
90
90
97
97
96
94
77
77
74
87
85
67
79
49
41
37
27
29
25
21
15
11
9
6
3
1
0
0
0
1
0
0
0
0
0
0
0
0
0
0
16
19
25
26
36
51
32
44
51
61
61
84
86
92
96
96
98
98
98
98
100
74
74
94
94
94
94
94
94
94
94
94
94
94
96
96
96
96
96
96
96
98
98
98
98
98
98
96
96
96
90
90
90
90
90
90
64
64
88
94
92
91
90
90
83
81
81
79
83
79
76
81
88
88
88
82
76
23
21
41
42
38
18
28
45
41
14
27
32
38
40
45
30
20
0
3
8
4
21
24
52
51
40
70
70
87
95
98
98
98
87
72
46
96
95
95
96
96
96
96
96
96
96
96
96
96
96
96
96
0
0
