0
0
0
0
0
0
0
0
0
0
0
0
0
0
0
0
0
0
0
0
0
0
13
11
9
7
5
6
6
4
0
2
0
10
11
13
5
0
0
0
0
0
0
0
0
0
0
4
12
0
0
0
0
0
0
0
0
0
0
0
0
0
0
0
0
0
0
0
0
0
0
0
5
8
6
11
15
18
7
8
10
10
11
10
10
10
10
25
25
15
15
15
15
15
15
15
15
15
15
15
15
15
15
15
15
0
0
0
0
0
0
0
0
0
0
0
0
0
0
0
0
0
0
0
0
0
0
0
0
0
0
0
0
0
0
0
0
0
0
0
0
0
0
0
0
0
0
0
0
0
0
0
0
0
0
0
0
0
0
0
0
0
0
0
0
0
0
0
0
0
8
13
14
15
17
18
18
18
18
18
0
0
0
0
0
0
0
0
0
0
0
0
0
0
0
0
0
0
0
17
27
27
27
41
41
41
41
41
41
41
17
17
17
17
16
27
28
25
35
40
34
32
25
25
16
18
16
12
21
12
9
17
13
9
20
3
0
0
0
0
0
0
38
32
6
23
0
28
1
14
0
18
9
7
1
0
0
0
4
8
13
19
24
29
37
43
49
54
52
49
59
42
43
44
44
44
44
44
44
44
44
44
44
12
12
12
12
12
12
12
4
4
4
0
0
0
0
0
0
0
0
0
0
0
0
0
0
0
0
0
0
0
0
0
0
0
0
0
0
0
0
0
0
0
0
0
0
0
0
0
0
0
0
0
0
0
0
0
0
0
0
0
0
0
0
0
0
0
0
0
0
0
0
0
0
0
0
0
0
0
3
5
11
15
19
19
19
15
15
15
15
15
15
15
15
15
33
33
33
33
33
33
33
33
33
33
33
33
18
18
18
18
18
18
18
18
18
26
26
26
26
26
26
26
26
40
40
40
40
38
37
36
36
35
33
33
13
0
0
0
0
0
0
0
0
0
0
0
0
0
0
0
0
0
0
0
0
0
0
0
0
0
0
0
0
0
0
0
0
0
0
0
0
0
1
9
12
12
12
23
31
12
12
11
11
12
12
12
12
14
14
14
14
12
12
10
10
0
0
0
