0
0
0
0
0
0
0
0
0
0
0
0
0
24
46
46
46
46
46
46
46
46
46
44
40
40
38
39
39
53
48
51
45
39
40
20
10
13
7
5
22
2
6
0
9
11
4
9
17
4
24
20
14
0
4
11
5
0
1
16
5
11
15
12
12
11
5
9
0
0
0
0
0
9
7
12
0
0
0
0
0
0
0
0
98
98
98
98
98
100
100
100
82
82
98
98
98
82
48
22
0
0
0
0
0
16
16
16
22
22
22
44
44
60
60
60
60
60
85
84
81
78
32
27
26
20
16
25
22
18
12
7
2
13
27
25
8
6
24
15
11
7
4
2
0
0
0
1
0
0
0
0
0
0
0
7
10
14
17
21
24
29
33
38
43
47
53
57
42
45
85
87
88
87
91
70
42
0
0
0
100
100
100
98
98
98
98
98
98
88
88
94
88
88
88
88
94
94
94
94
94
90
90
90
98
98
98
98
82
98
98
100
100
78
55
69
90
87
84
82
60
54
68
68
59
61
65
23
42
33
27
23
3
0
0
15
12
3
2
0
0
0
29
52
0
33
18
48
21
18
0
38
29
11
5
14
25
29
34
44
49
55
60
65
59
82
90
95
93
90
92
92
93
94
70
46
100
100
100
100
100
100
100
100
100
100
100
92
92
92
92
92
100
100
94
94
94
94
94
94
94
94
78
70
70
90
90
90
92
92
68
67
83
82
78
77
59
70
67
81
79
77
51
43
51
41
37
9
13
9
5
19
16
13
1
0
0
0
0
0
0
0
0
0
0
38
11
12
14
20
23
29
30
40
39
28
48
63
73
73
88
90
96
100
100
100
100
100
100
94
70
44
88
88
88
88
88
88
88
88
88
88
88
96
96
96
100
100
100
100
100
100
100
100
100
100
100
100
100
100
96
96
96
96
96
96
96
70
98
86
85
84
84
83
87
87
85
83
79
76
87
88
88
66
60
46
31
57
37
42
38
18
28
45
41
38
27
32
38
40
29
14
26
13
17
22
18
35
42
54
53
42
62
66
75
83
86
86
86
87
88
92
92
91
91
92
92
92
92
92
96
96
96
96
96
96
96
74
48
0
