0
0
0
0
0
0
0
0
0
0
0
0
0
0
0
0
0
0
0
0
0
0
0
2
2
6
6
6
6
6
10
10
16
20
20
20
28
32
36
36
36
36
36
34
34
30
30
30
30
44
46
46
40
36
36
36
40
36
32
32
32
32
32
32
32
32
32
32
32
18
12
12
12
12
12
12
0
0
0
0
0
0
0
0
0
0
0
0
0
0
0
0
0
0
0
0
0
0
0
0
0
0
0
0
0
0
0
0
0
0
0
0
0
0
0
0
0
0
1
2
5
8
10
15
18
24
28
35
38
42
48
53
58
63
67
68
70
70
70
78
88
90
94
96
98
98
98
94
98
98
96
96
91
94
90
87
84
80
77
73
70
64
61
56
50
44
40
37
30
26
13
5
4
3
1
0
0
0
0
0
0
0
0
0
0
0
0
0
0
0
0
0
0
0
0
0
0
0
0
0
0
0
0
0
0
0
0
0
0
0
0
0
0
0
1
3
2
5
8
10
16
16
18
18
27
25
27
31
34
43
50
69
73
77
80
83
86
89
90
92
88
88
51
44
70
53
78
48
75
62
98
58
67
69
75
72
69
65
60
56
51
45
40
35
27
16
10
5
7
10
4
2
0
0
0
0
0
0
0
0
0
0
0
0
0
0
0
0
0
0
0
0
0
0
0
0
0
0
0
0
0
0
0
0
0
0
0
0
0
0
0
1
1
2
4
5
7
10
13
15
17
19
27
35
49
59
63
67
71
75
79
81
84
87
89
91
93
94
95
96
95
95
93
93
91
62
89
88
86
80
77
71
70
60
45
56
44
37
27
27
12
10
4
0
0
0
0
0
0
0
0
0
0
0
0
0
0
0
0
0
0
0
0
0
0
0
0
0
0
0
0
0
0
0
0
0
0
0
0
0
0
0
0
0
0
0
0
0
0
2
3
4
4
5
7
7
9
11
15
18
13
12
12
12
18
24
39
41
45
52
56
70
66
49
53
56
67
62
56
54
49
64
74
87
83
78
74
65
54
42
43
54
28
28
13
5
2
2
2
1
0
0
0
1
1
0
0
0
0
0
0
0
0
0
0
0
0
0
0
0
