%ScheduledJobNum workload ScheduledRevenue UsedGreenEnergy UsedBrownEnergy UsedBrownEnergyCost RunningTime
1.14467139595687 44.9828902103649 0.266490657019741 53.9956676005775 31.300143241557 0.111753293710831 4.83390858275953 
1.60183501700956 65.9780985095344 0.637836925070852 156.876749234605 148.272054160193 0.541394430546207 4.90557479032666 
1.9340436652768 62.112936506461 0.511513968317378 124.687611218143 140.496711806788 0.556357681609805 3.80469573900523 
1.68504437688474 96.0123384877335 0.525287752797613 117.526170360248 102.063803612738 0.405230388672685 3.80748511726016 
2.29550135332073 250.569313021246 0.788741543786332 94.3624381519603 247.476348284401 0.782221834128792 3.68908047079237 
2.20717438743873 300.71698834365 0.798134078551662 91.9817407276845 306.715470906109 1.02789744369861 3.26377734933552 
1.76152236108582 225.133192485984 0.59728665915616 75.9320318828535 222.8673613601 0.766955358341347 2.57511985906326 
1.63968962326769 200.173210885675 0.582284650887453 76.7169147522926 171.409459018985 0.649435567490274 2.09646174513081 
2.16779816139322 182.733323923826 0.510105324257203 59.5049038893055 166.35991829069 0.628747134472811 1.68777679260197 
2.10152032099196 212.201279076535 0.519743652709421 53.9806326128335 189.619874993807 0.699626867390353 2.14985862258473 
2.02044823553655 198.306258323529 0.522048274413644 53.7909188212186 180.053034848106 0.654269355854588 1.71027960201196 
2.65755821269806 181.205488524111 0.481227445374621 42.9647511258674 163.185375455856 0.591559650388987 1.35642939121299 
1.95409170824293 167.426140488103 0.449918838431582 38.8385467340396 160.256258312697 0.558011912652579 1.61285294606046 
3.12968105505438 225.443847199363 0.616897343165004 29.8546130470582 209.211206900982 0.643248581015038 1.33272925940636 
2.66029777490368 257.22604268022 0.606711050918586 22.0579294007103 252.852734972683 0.831699570787599 1.38582352595182 
