0
0
0
0
0
0
0
0
0
0
0
0
0
0
0
0
0
0
0
0
0
0
0
0
0
0
0
0
0
0
0
0
0
0
0
0
0
0
0
0
0
0
0
0
0
0
0
0
0
0
0
0
0
0
0
0
0
0
0
0
0
9
13
8
8
0
0
0
0
4
0
0
1
0
0
0
0
0
0
0
0
0
0
0
0
0
0
0
0
0
9
0
0
0
0
0
0
0
0
0
0
0
0
0
0
0
0
0
0
0
0
0
0
0
0
0
0
0
0
0
0
0
0
0
0
0
0
0
0
0
0
0
0
5
1
0
1
1
1
0
0
4
1
0
0
0
0
0
0
0
0
0
3
0
4
0
0
0
3
8
11
11
3
8
0
2
2
3
8
0
5
13
14
13
0
1
1
1
1
1
94
94
94
94
94
88
87
93
93
93
93
94
94
94
94
96
83
83
83
83
100
100
100
100
100
100
100
100
100
86
98
93
92
80
79
87
72
65
62
74
68
68
57
35
33
47
45
41
38
40
21
17
16
9
6
3
4
1
6
4
2
0
12
19
17
22
13
43
16
29
0
33
24
22
16
19
29
33
34
31
36
50
55
63
71
69
65
54
52
32
54
37
23
24
8
8
100
100
100
100
100
100
100
100
100
100
100
100
100
100
100
100
100
100
100
97
94
94
94
89
94
98
98
98
98
99
99
98
98
98
98
97
98
89
90
89
85
64
61
47
44
42
51
43
29
20
17
14
28
24
20
18
15
9
6
4
6
5
4
3
4
4
6
6
7
35
8
10
12
19
22
28
27
37
50
39
50
57
71
68
83
85
92
92
89
93
93
87
87
74
74
1
100
100
100
100
100
100
100
100
100
100
100
100
100
100
100
100
100
100
100
100
100
100
100
100
95
95
95
91
91
91
96
96
96
84
82
90
78
76
83
82
96
95
93
93
91
89
85
82
87
88
88
88
74
75
59
57
53
46
42
22
30
47
43
40
30
35
41
43
48
33
23
12
14
19
15
35
46
51
50
39
68
68
84
95
98
88
88
89
99
99
99
98
98
99
92
93
100
100
100
100
97
97
97
95
65
49
37
0
