0
0
0
0
0
0
0
0
0
0
0
0
0
0
0
0
0
0
0
0
0
0
0
0
4
4
4
4
4
4
4
4
12
22
22
12
25
25
54
54
48
54
54
54
54
39
39
39
26
36
45
37
37
37
37
37
39
58
37
37
37
37
33
36
36
50
50
44
40
40
40
33
24
15
17
12
8
5
3
2
0
0
0
0
0
0
0
0
0
0
0
0
0
0
0
0
0
0
0
0
0
0
0
0
0
0
0
0
0
0
0
0
0
0
0
0
0
0
1
2
5
8
10
15
18
24
28
35
38
42
48
53
58
63
67
69
70
70
70
79
89
90
90
90
90
90
90
90
97
97
96
97
91
94
90
87
84
80
77
73
70
65
61
56
51
47
41
37
32
27
13
5
4
0
1
0
0
0
0
0
0
0
0
0
0
0
0
0
0
0
0
0
0
0
0
0
0
0
0
0
0
0
0
0
0
0
0
0
0
0
0
0
0
0
1
3
2
5
8
10
16
16
18
18
27
25
27
31
34
43
65
69
73
77
80
83
86
88
88
88
94
99
51
44
70
53
78
48
75
62
98
58
67
69
75
72
68
65
60
56
51
45
40
34
27
16
7
5
7
9
3
2
1
0
0
0
0
0
0
0
0
0
0
0
0
0
0
0
0
0
0
0
0
0
0
0
0
0
0
0
0
0
0
0
0
0
0
0
0
0
0
1
1
2
4
5
7
10
13
15
17
19
27
35
49
59
63
67
71
75
79
81
84
87
89
91
93
94
95
96
95
95
93
93
91
62
89
88
86
80
77
71
70
60
45
56
44
37
27
27
12
10
4
0
0
0
0
0
0
0
0
0
0
0
0
0
0
0
0
0
0
0
0
0
0
0
0
0
0
0
0
0
0
0
0
0
0
0
0
0
0
0
0
0
0
0
0
0
0
2
3
4
4
5
7
7
9
11
15
18
13
12
12
12
18
24
39
41
45
52
56
76
66
49
53
56
67
62
56
54
49
64
74
87
83
78
82
65
54
42
43
54
28
28
13
5
2
2
2
1
0
0
0
1
1
0
0
0
0
0
0
0
0
0
0
0
0
0
0
0
