0
0
4
4
4
4
0
0
0
0
0
0
0
0
0
0
0
0
0
0
0
0
0
0
0
0
0
0
0
0
0
0
0
0
0
0
0
0
0
0
6
0
0
0
0
0
0
0
0
0
0
0
0
0
0
0
0
0
0
0
0
0
4
4
11
0
0
0
0
0
0
7
0
9
0
0
4
7
9
7
0
0
0
0
39
39
26
26
26
26
26
26
26
26
39
39
39
27
27
27
27
27
27
27
27
46
46
46
46
61
61
61
61
34
34
34
34
34
33
32
29
26
34
31
28
22
19
36
33
29
40
16
11
6
2
16
15
13
13
11
1
0
0
0
0
0
0
0
0
0
1
0
6
3
7
10
13
17
13
17
20
25
29
20
39
26
13
32
22
11
4
7
8
0
17
18
18
18
0
0
85
85
85
85
85
85
95
95
95
95
95
95
95
95
95
83
83
69
69
51
51
51
51
51
39
39
39
46
46
46
66
50
50
50
17
15
31
28
25
23
17
17
29
35
26
42
51
33
30
21
15
16
12
8
5
2
2
0
0
0
5
0
48
55
29
46
21
51
24
37
1
27
18
16
10
13
0
3
3
7
12
3
8
0
7
2
0
2
0
0
0
0
1
2
2
2
87
89
89
95
95
95
95
95
95
100
100
100
100
100
100
93
93
80
80
88
88
88
99
99
99
85
85
63
81
69
51
49
64
64
64
63
63
62
58
76
86
83
76
66
64
62
70
62
48
38
34
30
26
22
18
16
13
10
8
6
4
3
2
1
2
2
4
4
6
37
10
11
13
16
18
20
21
25
41
30
51
58
52
52
67
45
51
35
35
28
28
28
28
28
28
28
99
99
99
99
99
83
87
87
87
98
98
98
97
97
97
97
97
97
97
98
98
98
98
87
84
84
84
100
90
90
90
90
90
75
75
84
88
86
81
80
80
82
89
89
87
80
76
67
72
73
73
73
67
74
59
57
53
46
42
22
32
36
32
29
9
21
11
13
18
28
22
9
13
18
2
19
30
42
38
23
69
69
60
59
62
62
69
76
77
77
82
90
90
91
91
94
100
100
100
100
100
100
87
81
81
81
77
77
