0
0
0
0
0
0
0
0
16
16
16
0
0
24
56
84
84
52
24
44
64
64
80
58
80
76
74
71
93
91
68
71
77
75
76
64
36
47
13
11
28
8
0
5
19
37
10
15
29
38
50
48
42
5
38
45
39
19
41
32
21
35
39
58
58
39
33
37
40
45
53
61
69
79
71
70
74
77
87
66
68
68
68
24
90
90
90
90
90
88
88
88
88
88
88
88
88
88
88
88
88
88
88
98
98
98
98
98
98
98
98
98
86
86
86
54
54
90
89
88
69
66
88
83
80
74
70
63
60
56
50
45
40
35
31
23
22
22
22
13
0
0
0
0
0
0
0
0
0
0
0
0
3
0
4
7
10
14
17
21
24
29
33
38
43
47
53
63
68
73
85
93
94
95
97
98
98
76
72
50
94
94
94
94
94
94
94
94
94
94
94
94
94
94
94
94
94
88
88
88
88
88
88
88
88
82
82
82
82
82
60
60
60
88
87
85
70
67
64
84
78
78
76
76
67
47
45
65
62
53
9
5
21
17
14
11
8
5
8
6
4
0
47
54
28
45
20
50
23
36
0
40
31
31
25
28
31
11
16
44
49
55
60
65
73
84
88
93
69
66
72
74
75
76
76
54
100
100
94
94
94
94
96
96
96
96
96
74
74
74
98
98
98
98
98
98
98
98
98
98
98
92
92
98
98
98
98
98
98
98
90
89
89
66
42
93
91
86
83
81
79
77
47
63
49
39
35
31
27
25
21
19
16
13
11
9
7
6
5
4
5
5
7
7
9
38
11
12
10
16
19
25
26
36
51
40
28
35
67
67
82
84
66
70
70
70
70
92
92
66
66
66
88
88
88
88
88
82
82
82
82
84
84
84
84
84
62
62
68
68
68
62
98
98
98
98
98
98
98
98
98
98
82
82
82
82
82
82
82
80
79
86
86
85
89
89
87
85
81
78
61
62
62
64
80
74
59
57
53
46
42
22
32
27
1
26
15
20
26
28
33
18
8
0
0
4
0
17
28
40
43
32
58
58
77
85
88
88
86
87
88
88
88
99
99
100
100
100
100
100
100
100
100
72
70
70
70
0
0
0
