0
0
0
0
0
0
0
0
0
0
0
0
0
0
0
0
0
0
0
0
0
0
0
0
0
0
0
0
0
0
0
0
0
0
0
0
0
0
0
0
0
0
0
0
0
0
0
0
0
0
0
0
0
0
0
0
7
0
3
18
0
19
1
4
4
7
0
0
0
0
0
0
0
7
5
10
14
0
0
0
0
0
0
0
66
66
66
0
0
0
0
0
0
0
0
0
0
0
0
0
0
0
0
0
0
0
0
0
0
0
0
0
0
0
0
0
0
0
0
0
19
16
14
11
8
2
0
13
10
6
22
17
12
7
3
1
0
0
0
13
3
1
0
0
0
0
0
3
1
1
4
3
9
0
0
0
0
4
0
0
16
0
3
4
9
13
3
7
20
3
17
0
0
0
0
0
0
0
0
0
84
84
84
96
96
96
96
96
96
96
96
96
96
96
96
96
82
82
82
96
66
66
88
88
88
88
88
88
88
88
88
88
96
96
95
93
94
91
58
56
66
66
64
80
71
73
59
55
8
21
21
17
13
9
6
3
0
0
2
0
0
0
41
26
22
17
14
48
21
34
0
16
15
29
23
10
13
11
16
20
47
53
42
47
55
66
86
91
89
86
92
94
81
52
52
22
88
88
88
88
88
88
88
88
88
88
88
88
88
88
88
88
88
88
88
88
88
88
88
88
88
88
88
88
88
88
88
88
82
60
82
81
81
80
78
77
75
56
53
73
71
75
67
65
23
41
37
33
29
25
0
0
0
0
0
9
7
6
0
0
0
0
0
0
0
14
3
0
0
6
9
15
16
26
41
42
54
61
71
71
86
82
88
92
92
92
92
92
44
22
22
0
88
88
88
88
88
88
88
88
88
88
88
88
88
88
88
88
88
88
88
88
88
88
88
88
88
88
88
88
88
88
88
88
88
88
88
88
88
86
85
84
84
83
81
81
79
77
73
70
75
54
54
62
56
72
57
33
51
44
40
20
30
47
43
40
29
34
40
42
47
32
22
9
0
0
0
15
26
38
37
26
66
66
81
67
98
98
98
99
100
100
100
99
99
100
100
100
100
100
100
28
28
28
28
28
28
28
28
0
