0
0
0
0
0
0
0
0
0
0
0
0
0
0
0
0
0
0
0
0
0
0
0
0
0
0
0
0
0
0
0
0
0
0
0
0
0
0
0
0
0
0
0
0
0
0
0
0
3
4
2
0
0
0
0
7
7
0
0
0
0
3
7
4
4
0
0
0
0
0
0
0
0
1
0
4
0
0
0
0
0
0
0
0
100
100
100
100
100
100
100
100
100
100
100
100
100
100
100
100
100
100
100
100
60
60
60
60
60
60
60
60
64
64
66
72
76
76
77
84
85
84
88
85
24
26
30
31
30
26
20
17
12
13
15
13
10
10
12
3
0
5
6
4
2
0
0
0
0
0
2
3
9
4
8
13
14
18
21
25
28
33
39
44
49
53
57
63
68
73
87
95
96
97
99
98
100
100
100
98
98
100
100
100
100
100
100
100
100
100
100
98
92
94
92
88
94
94
94
92
92
78
70
70
70
68
64
62
62
68
68
68
68
68
59
57
54
59
60
60
62
58
58
68
61
59
59
55
52
37
23
15
11
1
4
5
0
0
0
0
0
0
29
36
16
37
10
36
5
18
0
18
9
9
0
0
0
0
0
0
0
5
10
7
7
10
12
15
7
4
2
0
1
0
0
0
28
28
28
28
28
28
28
28
28
28
28
28
28
28
28
28
28
32
32
36
8
12
12
12
12
14
14
16
24
26
26
26
26
26
28
31
31
38
36
31
29
26
27
25
23
19
11
1
13
13
13
13
13
13
11
13
14
5
3
1
0
0
0
0
0
0
0
0
9
36
11
12
10
12
11
9
6
12
27
16
28
35
45
45
60
60
66
70
20
10
4
0
0
0
4
4
100
100
100
100
100
100
100
100
100
100
100
100
100
100
100
100
100
100
100
100
4
4
10
14
14
20
20
22
24
28
30
42
42
46
96
100
100
98
95
96
96
95
91
87
87
81
83
80
83
80
80
68
64
54
39
45
55
48
44
22
32
49
45
44
31
34
44
46
51
36
24
11
17
22
18
35
46
58
57
46
72
72
87
95
98
98
98
99
100
100
100
99
95
96
96
86
72
72
72
72
72
72
18
14
14
14
2
0
