0
0
0
0
0
0
0
0
0
0
0
0
0
0
0
0
0
0
0
0
0
0
0
0
0
0
0
0
0
0
0
0
0
0
0
0
0
0
0
0
0
0
0
0
0
0
0
0
0
0
0
0
0
0
0
0
0
0
0
0
0
45
49
48
48
11
1
3
0
3
11
19
27
37
35
40
44
0
0
0
0
0
0
0
100
100
100
100
100
100
100
100
100
100
100
100
100
100
100
100
100
100
100
100
100
100
100
100
100
100
100
100
100
100
100
100
58
58
57
56
49
50
50
49
50
50
50
49
50
50
50
47
0
1
1
1
2
2
2
1
0
0
0
2
2
0
1
1
1
0
0
0
0
0
6
7
8
12
19
0
0
1
0
0
0
0
0
1
6
3
13
11
2
3
1
0
0
0
0
0
100
100
100
100
100
100
100
100
100
100
100
100
100
100
100
100
50
50
50
50
100
100
100
100
100
100
100
100
100
100
100
100
58
64
79
79
30
41
76
76
76
78
78
80
73
75
73
69
62
51
17
19
17
7
0
3
0
0
0
0
0
0
37
48
20
35
12
44
21
38
0
14
5
0
0
0
0
3
8
8
11
15
14
9
11
10
4
7
0
0
0
0
0
0
0
0
100
100
100
100
100
100
100
100
100
100
100
100
100
100
100
100
100
100
100
100
100
100
100
100
100
100
100
100
100
100
100
100
8
14
14
19
37
38
44
57
67
68
69
69
69
73
67
65
47
31
35
33
29
25
21
11
0
0
0
0
1
0
0
0
1
5
7
7
9
38
11
12
12
20
23
27
30
40
55
44
56
59
61
53
50
50
48
46
44
36
30
28
24
20
22
14
100
100
100
100
100
100
100
100
100
100
100
100
100
100
98
98
100
100
100
100
100
100
100
100
100
100
100
100
96
96
94
94
88
88
88
100
100
98
97
96
96
95
93
93
91
87
83
80
67
68
68
68
62
56
41
39
35
32
28
20
34
51
47
44
15
30
36
40
49
34
26
13
17
22
18
23
32
48
47
36
12
6
31
95
98
98
98
99
100
100
100
99
97
94
94
96
96
92
82
12
8
8
6
4
4
0
0
0
