0
0
0
0
0
0
0
0
0
0
0
0
0
0
0
0
0
0
0
0
0
10
10
18
26
24
22
23
23
21
26
29
23
27
28
30
22
27
7
5
22
2
0
0
3
11
14
31
29
26
22
30
34
7
46
53
47
11
33
24
13
33
27
24
24
5
0
0
0
1
0
7
15
15
23
28
32
35
47
48
60
70
80
80
100
100
100
100
100
100
100
100
100
100
100
100
100
100
100
100
100
90
100
100
100
100
100
100
80
100
100
100
100
100
100
100
100
100
99
98
95
92
90
85
82
76
72
65
62
58
52
47
42
37
33
31
30
30
30
21
11
9
6
4
2
2
1
3
1
1
4
3
9
6
10
13
16
20
23
27
30
35
39
44
49
53
59
63
68
73
87
95
96
97
99
100
100
100
100
100
100
100
100
100
100
100
100
100
100
100
100
100
100
100
100
100
100
100
100
100
100
100
100
100
100
100
100
100
100
100
100
100
100
100
99
97
98
95
92
90
84
84
82
82
73
75
73
69
66
57
35
31
27
23
20
17
14
11
10
8
6
0
49
56
30
47
22
52
25
38
2
42
33
31
25
28
31
35
40
44
49
55
60
65
73
84
90
95
93
90
96
98
99
100
100
100
100
100
100
100
100
100
100
100
100
100
100
100
100
100
100
100
100
100
100
100
100
100
100
100
100
100
100
100
100
100
100
100
100
100
100
99
99
98
96
95
93
90
87
85
83
81
73
65
51
41
37
33
29
25
21
19
16
13
11
9
7
6
5
4
5
5
7
7
9
38
11
12
14
20
23
29
30
40
55
44
56
63
73
73
88
90
96
100
100
100
100
100
100
100
100
100
100
100
100
100
100
100
100
100
100
100
100
100
100
100
100
100
100
100
100
100
100
100
100
100
100
100
100
100
100
100
100
100
100
100
100
100
100
98
97
96
96
95
93
93
91
89
85
82
87
88
88
88
82
76
61
59
55
48
44
24
34
51
47
44
33
38
44
46
51
36
26
13
17
22
18
35
46
58
57
46
72
72
87
95
98
98
88
79
70
70
50
49
39
30
20
20
20
0
0
0
0
0
0
0
0
0
0
0
