0
0
4
8
8
8
4
4
4
4
4
12
12
12
12
12
26
26
26
26
39
39
39
37
45
43
41
52
52
40
27
30
11
20
21
23
15
10
0
0
0
0
0
0
0
0
0
0
0
0
0
0
0
0
0
0
0
0
0
0
0
0
5
0
0
0
0
0
0
0
0
0
2
12
13
18
19
36
38
46
48
33
33
46
46
33
19
7
7
7
7
7
7
7
7
7
7
7
0
0
0
0
0
0
0
0
15
18
35
35
51
68
81
81
81
83
83
83
82
81
78
75
73
68
79
73
69
62
59
55
49
44
39
34
30
28
27
27
27
18
8
6
3
1
0
0
0
0
0
0
0
0
0
3
7
3
6
0
0
0
0
0
0
0
0
0
0
17
7
21
8
45
60
49
51
52
62
77
77
89
89
89
99
90
90
93
93
93
93
97
97
80
80
62
50
32
43
43
59
60
60
60
60
60
79
79
79
79
79
94
94
94
94
94
98
96
97
80
77
89
83
83
81
66
73
75
73
69
66
57
16
30
23
22
18
3
0
0
0
0
0
0
28
35
9
30
0
16
0
0
0
0
0
0
0
0
0
0
0
0
0
0
0
0
0
0
3
8
6
3
9
2
42
59
72
89
93
89
100
98
98
98
98
98
94
94
83
76
58
58
58
58
51
51
37
56
56
56
40
40
40
40
42
42
42
42
58
75
75
87
87
86
70
68
66
65
63
78
75
73
71
69
61
53
39
29
25
21
17
13
9
14
11
8
6
4
2
5
4
3
4
3
6
6
8
21
0
0
0
2
5
3
0
0
14
3
15
22
32
63
78
84
90
86
86
86
86
86
86
87
99
99
99
99
99
79
79
91
100
100
100
99
99
94
94
94
92
87
75
75
75
79
79
79
83
94
83
72
72
72
72
72
85
81
81
69
68
68
68
76
75
74
74
85
92
92
90
88
84
79
84
85
76
86
80
65
50
48
44
24
36
5
0
23
38
35
24
20
41
36
45
30
20
7
11
13
12
29
40
52
51
29
72
72
87
95
85
92
88
89
90
90
95
91
91
92
93
93
93
83
83
83
82
81
81
81
74
55
36
26
