0
0
0
0
0
0
0
0
0
0
0
0
0
0
0
0
0
0
0
0
0
0
0
0
0
0
16
17
17
15
10
37
31
25
26
58
50
21
0
5
22
18
4
0
0
9
2
29
53
40
20
18
12
0
2
9
3
0
9
6
0
7
11
8
30
11
5
33
32
37
23
13
21
31
29
12
16
0
0
0
0
0
26
26
26
26
26
26
26
26
26
26
26
26
26
26
26
0
0
0
0
0
0
0
0
0
0
0
0
0
0
0
0
0
0
24
24
40
39
38
33
30
28
23
20
14
10
19
22
42
36
9
4
0
17
15
14
14
30
0
0
3
2
0
0
0
0
0
0
0
0
0
1
0
2
5
8
8
11
15
6
11
31
4
9
0
3
1
6
11
9
39
40
19
21
22
22
22
38
54
94
94
100
98
98
82
82
100
88
88
100
100
84
82
88
88
88
98
98
76
86
86
92
88
88
88
84
62
64
64
64
86
86
84
83
81
84
65
64
62
78
78
76
52
43
23
21
17
14
53
31
17
13
9
6
3
0
7
6
4
2
0
29
20
26
37
20
50
23
36
0
32
23
27
5
16
3
23
38
40
45
41
46
51
57
68
58
65
87
88
84
94
95
98
68
42
90
90
90
90
90
88
88
88
88
88
92
92
92
92
92
100
100
100
84
84
88
88
88
88
72
68
90
90
90
90
92
92
92
92
92
69
69
92
90
89
93
90
87
81
79
77
67
59
45
35
31
25
21
17
13
11
8
5
3
1
0
0
1
0
1
1
3
3
5
34
7
8
0
20
23
29
30
40
31
20
52
59
69
53
88
90
96
96
72
98
100
100
92
68
84
94
94
94
90
90
90
100
100
100
90
90
90
90
90
90
96
96
96
96
80
88
88
88
96
96
88
96
96
88
88
72
98
98
98
100
100
98
82
80
87
86
86
69
85
85
83
83
79
76
81
66
66
82
76
70
33
53
49
42
38
18
28
45
41
38
27
32
38
44
49
34
24
0
3
8
4
21
32
44
31
42
68
52
77
85
88
96
96
97
98
98
98
71
63
80
96
96
94
94
94
94
94
94
94
94
94
78
40
0
