0
0
0
0
0
0
0
0
0
0
0
0
0
0
0
0
0
0
0
0
0
0
0
0
0
28
26
27
27
25
46
49
43
37
38
74
32
43
13
11
12
8
0
0
0
0
0
0
0
0
18
0
0
0
6
0
0
0
0
4
0
17
5
2
30
33
27
3
6
11
3
0
19
7
27
58
62
65
45
46
48
70
70
70
92
92
92
70
70
70
48
48
48
48
26
26
0
0
0
0
0
0
0
0
0
20
66
66
46
0
0
0
0
0
46
46
68
22
21
20
17
14
12
7
30
46
42
9
6
40
34
29
8
3
17
15
14
14
14
5
11
9
6
0
0
0
0
0
0
0
0
0
0
0
0
7
10
14
17
21
2
7
11
16
0
3
9
13
40
45
53
61
62
63
65
66
66
66
82
82
98
90
90
82
82
82
98
98
98
90
90
82
82
82
82
88
88
88
88
88
88
88
82
82
90
90
90
82
90
90
90
88
88
88
93
91
86
83
80
78
50
50
70
70
39
47
67
63
60
51
29
19
15
21
18
9
6
3
2
0
4
0
47
54
16
33
8
38
11
24
0
40
31
29
23
26
29
33
38
18
47
53
58
47
55
58
90
95
93
90
96
72
95
88
88
88
88
88
88
88
88
88
88
88
88
88
88
88
88
88
88
88
88
88
88
88
88
88
88
88
88
88
88
88
66
88
88
88
88
88
88
87
87
86
84
83
81
86
83
81
79
71
71
63
33
7
25
21
17
13
9
7
4
1
0
0
0
0
0
0
0
0
0
0
0
26
0
0
2
8
11
17
18
28
43
32
44
51
61
65
80
60
66
74
80
80
98
70
92
92
66
94
94
94
94
94
94
94
94
94
94
94
94
94
94
94
94
72
88
88
88
88
94
94
94
94
94
94
78
78
100
78
100
100
100
100
100
100
100
98
97
96
96
67
65
73
71
85
81
78
83
84
84
84
78
72
57
55
51
44
40
20
30
47
43
18
29
34
40
42
47
32
22
9
5
10
12
29
40
52
51
40
66
44
59
45
76
48
98
99
100
100
100
77
99
100
100
100
100
100
100
72
72
44
44
44
44
0
0
0
