0
0
0
0
0
0
4
4
4
4
4
4
4
6
10
10
14
14
18
18
24
28
30
28
30
28
26
31
35
35
30
35
29
25
24
34
30
29
0
0
4
0
0
0
0
0
0
0
5
2
2
0
0
0
2
5
1
0
0
0
0
1
5
2
2
0
0
0
0
0
0
0
0
1
0
4
0
3
5
10
12
22
28
28
34
40
40
44
50
54
56
60
64
72
78
80
82
84
84
82
86
76
70
70
64
60
60
58
58
54
52
48
44
36
30
24
24
26
75
72
65
64
62
59
56
48
44
35
42
42
40
39
34
29
31
29
28
22
24
21
11
7
4
0
0
0
0
0
1
1
0
0
3
0
0
3
2
6
5
3
6
11
17
22
31
35
3
7
0
0
7
13
64
65
67
70
72
74
76
84
90
90
88
88
84
84
74
74
74
74
74
74
24
26
24
22
22
20
18
10
6
16
18
18
18
18
26
30
34
36
36
40
44
54
53
53
62
69
72
74
66
64
60
66
67
71
63
55
52
43
27
21
23
19
16
13
14
7
6
6
4
0
43
50
26
43
18
52
21
34
0
38
19
11
5
6
0
0
0
0
0
0
0
0
0
4
8
29
27
22
24
24
25
24
28
32
68
68
68
68
68
68
68
68
68
68
68
68
68
68
68
68
70
72
72
68
34
38
44
48
50
54
60
62
72
78
80
80
84
88
90
89
91
90
88
71
77
72
69
67
67
71
61
61
39
29
27
27
27
23
21
19
16
13
11
9
3
6
5
4
5
1
7
7
7
30
0
0
0
0
0
0
0
0
11
0
2
3
5
1
12
8
6
0
0
4
6
10
12
14
14
46
100
100
100
100
100
100
100
100
100
100
100
100
100
96
96
96
100
100
100
76
28
28
28
28
32
34
40
64
70
72
72
76
76
80
82
82
88
96
95
96
90
91
87
87
83
83
77
70
71
70
72
72
70
62
53
57
53
38
38
14
28
47
45
44
33
38
44
44
51
36
24
13
15
22
8
0
6
18
9
2
40
38
59
75
72
82
92
99
94
94
94
87
81
82
82
82
82
82
82
76
58
54
44
34
34
18
8
0
