0
0
0
0
0
2
2
2
2
2
2
2
2
2
2
6
8
8
10
14
18
22
28
26
32
34
44
45
47
45
54
59
53
47
52
54
46
43
17
11
24
18
0
0
0
9
0
27
41
42
34
32
32
0
42
45
39
21
37
32
21
33
37
32
32
15
1
5
0
0
0
0
0
5
3
8
10
3
5
20
76
86
94
94
98
100
100
100
100
100
100
100
100
100
100
100
100
100
100
82
28
18
10
10
6
2
2
2
2
4
4
8
8
12
14
14
16
16
15
20
19
22
24
19
16
14
12
5
52
46
40
31
26
25
23
21
30
30
30
21
9
9
6
4
2
2
1
3
1
1
4
3
9
2
2
5
0
0
3
1
4
1
1
12
17
27
35
49
10
15
35
43
48
49
55
56
58
60
60
66
72
72
72
66
66
96
98
94
88
88
82
82
78
74
74
74
72
70
70
66
60
60
60
60
78
42
38
34
52
52
54
58
62
66
59
57
58
55
52
54
48
70
70
76
53
73
71
67
56
49
25
25
21
13
12
9
6
7
6
4
2
0
41
48
30
41
20
48
17
30
0
32
19
17
7
10
13
13
18
16
21
9
14
17
13
8
62
67
59
56
96
98
99
100
100
100
100
100
100
100
100
100
100
100
100
100
100
100
100
100
100
100
100
100
100
100
100
100
100
100
100
100
100
96
96
96
94
94
94
90
100
99
99
98
48
49
47
44
47
47
45
47
45
43
29
23
23
23
23
19
17
17
14
13
9
9
7
6
5
2
3
3
7
7
9
38
11
12
12
18
19
23
24
32
47
32
44
51
5
5
20
18
16
58
58
54
70
78
80
84
86
90
98
98
100
100
100
100
100
100
100
100
100
100
100
100
94
94
90
86
84
80
74
74
74
76
76
76
76
82
88
90
90
100
100
100
100
100
100
98
97
58
58
57
55
53
51
49
45
36
33
32
30
74
68
62
33
19
15
8
12
0
0
23
37
40
31
36
42
46
51
36
26
0
0
0
0
0
0
12
3
0
10
4
3
21
78
78
90
99
100
100
100
95
95
96
96
96
96
96
96
96
96
96
94
78
22
22
10
0
