0
0
0
0
18
18
18
18
18
29
36
36
36
36
48
48
48
48
48
48
48
53
53
51
49
40
46
58
76
74
69
78
79
73
56
58
69
46
10
5
13
0
0
0
0
0
0
2
36
23
19
17
30
0
23
38
44
11
21
4
3
33
37
34
34
7
8
9
15
20
45
34
42
52
50
55
47
43
42
50
52
52
52
52
52
52
52
52
52
52
61
52
52
52
52
52
70
70
75
64
47
47
62
59
59
59
59
69
69
77
87
87
84
84
84
84
84
84
83
79
78
81
79
74
71
65
61
54
51
47
41
26
35
30
29
27
26
26
26
17
7
0
0
0
0
0
0
0
0
0
0
0
0
0
0
7
0
0
0
0
0
0
0
0
0
0
0
0
0
0
0
0
0
0
17
18
36
50
50
50
51
64
64
64
64
64
64
64
78
78
78
78
65
65
65
65
65
65
46
46
46
46
32
32
32
32
50
36
36
51
45
59
66
68
67
65
66
48
62
68
62
63
55
58
49
58
56
52
49
40
18
14
10
6
3
7
4
10
9
7
5
0
38
45
19
36
11
50
9
22
0
23
33
17
11
14
15
19
16
20
22
28
21
26
34
45
32
37
19
28
32
98
99
100
100
100
100
100
100
100
100
100
100
100
100
100
100
100
100
95
90
90
94
91
86
91
91
81
98
98
98
98
94
94
94
97
84
73
66
79
89
82
66
65
63
62
60
74
73
71
69
67
59
51
41
32
27
23
19
19
15
13
10
7
5
3
1
5
4
3
5
5
7
7
9
38
1
0
2
8
11
9
3
13
41
42
54
61
71
71
73
75
81
99
100
100
100
100
98
89
91
86
86
78
78
79
76
94
94
94
94
84
94
94
94
92
97
96
79
92
92
99
99
99
86
94
94
94
94
94
94
94
94
94
94
94
94
94
95
74
72
90
90
79
93
88
86
88
83
63
68
50
50
60
54
56
41
48
54
47
29
9
19
36
32
31
20
25
17
29
34
36
14
3
14
22
18
35
46
58
57
46
59
59
74
93
82
98
98
99
100
96
98
97
97
98
98
98
98
99
98
100
100
77
61
58
58
50
29
0
