0
0
0
0
0
16
16
50
34
34
34
34
34
34
34
34
34
34
34
34
34
34
34
56
54
52
74
91
91
89
84
87
81
75
66
76
68
39
9
31
48
28
16
5
19
35
28
55
61
48
44
42
36
0
48
55
49
23
45
36
1
53
57
30
46
27
21
3
28
33
37
23
9
1
25
14
56
59
61
62
88
88
88
88
88
88
88
96
96
66
42
42
0
0
16
16
16
0
0
0
0
0
0
18
18
34
16
16
16
42
42
52
68
94
94
78
78
78
77
98
95
92
68
63
60
54
50
43
14
10
4
33
28
23
19
17
16
16
16
19
0
0
4
2
0
0
0
1
0
0
0
0
0
0
0
1
4
0
9
13
16
17
21
26
13
39
45
39
68
57
71
63
72
65
89
76
98
98
82
82
98
100
100
100
98
98
86
100
100
100
98
98
98
98
88
88
90
90
90
84
86
84
84
84
84
84
62
62
84
84
66
90
90
90
89
43
42
61
74
72
76
76
74
74
65
67
65
55
62
53
31
0
13
9
6
3
0
3
8
6
4
0
47
38
12
45
20
50
23
30
0
34
25
23
1
4
31
35
40
44
41
47
52
57
65
76
84
67
65
84
84
86
87
100
100
94
94
94
86
86
100
100
100
94
94
94
78
100
100
100
100
100
100
100
100
100
100
100
100
100
100
100
90
90
90
50
76
78
78
78
78
77
77
76
88
83
71
68
65
79
77
75
67
59
45
27
33
29
25
21
17
7
4
1
0
0
0
0
3
2
3
3
0
0
0
28
1
2
4
0
15
21
22
16
55
44
56
63
73
65
80
82
88
88
88
72
92
92
68
96
96
96
96
96
96
96
96
96
96
96
98
98
98
98
98
98
98
92
92
92
92
92
92
92
68
90
86
86
96
96
96
96
96
96
96
72
100
90
90
88
63
62
90
89
87
87
85
83
85
82
87
88
88
88
82
76
61
59
55
48
44
24
34
51
47
38
27
32
38
40
17
30
20
7
11
16
8
25
36
48
53
40
66
66
83
91
94
94
66
99
100
100
100
99
99
100
100
100
100
100
100
100
100
94
98
98
88
88
42
0
