0
0
0
0
0
0
4
4
6
6
6
6
6
10
10
10
12
12
12
14
14
14
10
16
16
14
16
17
17
15
22
25
23
21
24
28
28
31
17
7
24
4
0
0
0
7
0
15
17
18
18
14
8
0
16
35
35
11
35
26
15
45
49
48
48
11
0
1
46
51
59
67
73
85
79
84
88
87
89
88
90
90
90
90
100
100
100
100
100
100
100
100
100
100
100
100
100
100
100
100
100
98
100
100
100
100
100
100
100
100
100
100
100
100
100
100
62
54
43
36
51
50
52
51
52
52
52
51
52
52
52
47
26
21
15
7
2
2
2
1
1
1
2
2
2
2
0
0
0
0
0
0
0
2
6
11
14
18
23
27
28
33
39
44
47
51
57
61
46
43
53
47
34
27
23
16
12
8
4
4
100
100
100
100
100
100
100
100
100
100
100
100
100
100
100
100
100
100
100
100
100
100
100
100
100
100
100
100
100
100
100
100
38
38
37
37
38
37
38
38
38
38
34
38
33
35
61
65
28
25
15
21
19
17
18
15
14
11
10
8
6
0
27
34
8
19
0
18
5
20
0
20
11
9
7
10
11
15
14
10
15
21
60
65
73
82
86
93
85
82
86
84
83
84
84
84
100
100
100
100
100
100
98
96
96
96
98
98
98
98
98
98
90
90
90
88
90
94
94
94
94
94
92
92
92
92
98
98
90
96
72
81
65
62
68
69
73
76
69
71
69
67
55
53
49
33
7
3
3
3
3
3
2
1
1
0
1
0
1
2
1
1
1
1
7
36
11
12
14
20
23
29
28
38
55
44
56
63
73
73
88
86
86
84
78
74
72
68
70
70
66
62
100
100
100
98
100
100
100
100
100
98
98
98
100
100
100
100
72
72
70
62
56
50
44
46
42
40
42
46
92
92
90
92
86
96
98
98
96
96
95
96
96
95
91
87
63
65
67
64
61
62
60
60
54
52
43
39
37
38
38
24
4
17
13
8
13
14
34
44
49
36
24
11
17
22
18
35
46
58
53
38
44
38
39
39
38
30
22
21
18
10
6
99
99
100
100
100
100
100
100
100
100
100
100
100
100
100
100
0
