0
0
0
0
0
0
0
0
0
0
0
2
2
2
2
2
2
2
2
6
8
12
20
20
22
26
26
31
33
35
30
35
29
27
28
40
32
27
0
0
8
0
0
0
0
0
0
1
11
0
0
0
4
0
12
13
7
0
7
0
0
3
7
4
4
0
0
0
0
0
0
0
35
45
43
44
48
45
47
50
58
58
62
66
84
84
88
88
88
88
88
90
90
90
94
94
94
96
96
94
94
94
96
96
94
94
94
94
94
94
96
96
70
74
76
80
80
80
79
78
75
72
64
61
46
42
44
37
34
32
26
23
36
31
23
21
20
24
28
21
9
9
4
4
2
2
0
0
0
0
0
0
0
0
2
5
8
8
5
5
4
7
7
2
7
11
31
49
62
65
83
95
64
71
79
88
88
88
92
92
100
100
100
100
100
100
88
74
66
66
62
56
48
38
32
26
28
32
32
34
26
28
32
36
40
40
38
38
40
46
50
56
60
68
69
65
68
63
62
68
70
68
64
60
55
55
51
57
54
47
23
29
21
23
18
15
8
11
8
2
0
0
33
42
18
41
22
42
17
28
0
22
13
0
0
0
0
0
0
0
0
1
6
9
7
10
10
15
11
2
0
2
3
4
6
6
8
8
8
8
8
8
8
8
10
10
10
10
8
8
8
8
8
6
4
4
2
6
6
10
14
14
16
18
18
22
22
26
28
38
38
37
43
50
54
55
63
56
55
59
53
61
57
51
49
37
33
27
25
11
7
5
0
0
0
0
0
0
5
4
5
3
5
5
0
22
0
0
0
0
1
7
8
18
33
22
34
41
5
0
10
4
4
4
4
4
56
56
60
68
68
80
100
100
100
100
100
100
98
98
98
98
98
98
100
100
54
54
54
54
56
56
48
52
52
58
60
66
74
80
84
84
86
94
96
96
92
98
96
86
83
74
72
67
67
65
63
55
41
32
33
34
82
76
70
64
53
49
49
46
42
20
34
51
47
44
33
38
44
46
51
36
26
11
13
18
10
23
28
36
35
22
32
32
43
47
48
48
48
99
100
100
100
99
99
100
100
100
100
100
50
50
50
50
50
50
50
50
50
0
