0
0
0
0
0
0
4
4
4
4
4
4
4
4
6
6
6
8
10
18
26
26
28
26
30
28
22
31
31
35
34
41
35
29
30
36
32
27
1
0
0
0
0
0
0
0
0
0
1
4
6
0
0
0
12
17
11
0
3
0
0
13
17
14
14
1
0
0
2
0
0
0
0
1
0
2
2
3
5
6
8
16
38
38
48
42
42
42
42
46
46
46
46
48
48
48
50
50
50
50
52
98
92
92
84
84
84
84
86
86
86
86
86
86
88
90
90
94
93
92
89
84
70
65
62
54
60
53
54
50
44
39
34
29
25
25
26
26
26
17
7
7
4
2
2
2
1
3
1
0
4
3
7
4
8
13
16
20
23
27
30
1
11
22
23
47
43
63
62
73
79
95
96
97
99
96
98
94
98
98
100
98
100
100
100
88
88
72
72
64
64
56
56
56
56
58
54
58
58
58
56
44
36
36
38
26
28
42
42
46
54
56
64
68
71
75
78
81
74
72
80
80
76
74
65
71
67
57
56
51
25
27
23
21
16
17
14
7
6
6
0
0
33
38
12
39
18
42
15
24
0
24
9
1
0
0
0
0
0
0
0
0
2
3
9
6
8
11
7
0
0
0
0
0
0
4
4
4
4
4
4
4
4
4
4
4
4
4
4
4
4
4
4
4
4
0
2
6
6
10
10
10
14
18
18
22
28
30
36
38
40
39
45
52
52
59
57
58
57
55
57
65
63
53
43
33
37
33
23
17
11
9
0
0
0
0
0
0
0
0
5
5
3
5
1
26
0
0
0
0
0
1
2
12
27
16
28
35
45
43
8
0
0
0
0
0
6
12
18
38
88
98
100
100
100
100
100
100
100
100
100
100
100
100
100
100
94
92
92
78
30
28
26
76
78
78
80
86
86
90
90
90
90
94
94
94
94
92
92
88
93
86
86
89
85
85
81
73
69
62
67
68
68
64
58
54
41
53
55
44
36
20
30
45
41
38
27
34
42
44
49
20
10
0
1
4
0
1
2
16
13
0
22
20
35
47
62
80
84
99
100
64
64
63
63
64
64
64
64
62
60
60
60
60
60
54
40
20
14
0
