0
0
4
4
6
8
8
8
10
10
14
14
18
20
22
28
28
32
34
34
34
38
36
36
32
34
36
37
39
39
30
33
31
27
26
22
26
21
0
0
10
0
0
0
0
0
0
13
17
18
18
16
2
0
10
17
11
31
53
44
31
57
57
52
50
31
25
29
32
39
43
51
59
69
67
72
64
95
97
98
100
100
100
100
100
100
100
100
100
100
100
100
100
100
100
100
100
94
90
90
92
92
96
96
96
96
96
98
98
80
82
82
82
82
82
82
82
18
21
26
25
30
28
29
30
30
30
27
28
28
26
25
26
25
25
25
24
16
12
5
7
1
2
0
0
0
0
0
0
0
0
1
1
2
8
13
16
20
23
27
30
33
29
34
35
35
37
37
36
37
47
49
50
43
39
36
36
36
36
28
100
100
100
100
100
100
100
100
100
100
100
100
100
100
100
100
100
100
100
100
88
88
88
88
88
88
88
88
88
88
88
88
88
88
87
85
86
87
86
88
70
70
72
66
63
61
61
61
4
1
1
1
1
1
0
0
0
0
0
0
0
0
25
32
20
37
20
46
21
26
0
40
31
31
23
28
31
29
30
34
39
45
50
55
43
54
50
55
47
44
18
16
63
58
58
54
100
100
100
100
100
100
100
100
100
100
100
100
100
100
100
100
100
100
100
100
98
98
98
98
98
98
98
98
98
98
98
98
98
98
98
97
99
98
96
95
91
88
85
83
81
79
73
65
5
3
3
3
3
1
1
3
2
1
3
1
3
2
1
0
1
1
1
7
9
36
5
8
8
12
11
13
10
18
29
18
26
33
43
43
48
50
56
54
54
48
48
42
40
40
40
40
98
98
98
98
98
98
98
98
98
98
98
98
98
98
98
100
100
100
100
100
100
100
100
100
100
100
100
100
86
86
86
86
86
90
90
90
90
90
89
90
84
95
93
93
91
89
85
82
11
12
12
12
6
18
15
17
17
14
10
0
0
3
0
44
33
38
44
46
51
36
26
13
17
2
0
0
6
12
11
0
26
26
41
73
76
76
76
99
100
100
100
99
99
98
98
98
98
98
98
98
96
96
96
22
22
22
22
0
