0
0
0
0
0
0
0
0
0
4
4
12
12
18
20
28
36
40
54
64
64
66
68
72
80
78
78
75
81
81
76
81
67
57
46
46
42
41
13
7
16
0
0
0
0
0
0
0
1
0
2
0
0
0
0
25
23
3
37
32
27
59
67
64
64
33
19
15
16
21
29
15
17
17
3
64
62
83
83
88
90
100
100
100
100
92
92
96
96
96
96
36
36
26
26
32
36
42
46
54
62
66
72
68
76
76
76
76
76
66
66
66
66
66
66
66
66
66
65
64
61
58
56
55
52
46
42
35
32
50
46
47
42
37
33
31
30
30
30
17
7
5
0
0
0
2
0
3
0
0
4
3
9
6
10
13
16
20
23
27
30
11
15
0
5
9
0
0
0
0
13
21
22
23
77
78
92
92
94
100
100
100
100
100
100
100
100
100
100
100
92
92
86
72
72
66
66
66
66
66
66
66
72
72
82
82
52
52
60
48
70
74
98
98
97
95
96
93
92
90
84
84
80
80
71
73
71
69
66
57
35
31
27
23
20
17
14
11
10
8
6
0
47
54
30
47
22
52
25
38
2
42
33
31
17
24
13
19
2
0
0
0
0
0
3
14
12
17
5
2
4
2
1
0
12
58
100
100
100
100
100
100
100
100
100
100
100
100
100
100
88
70
50
100
100
100
100
100
100
100
100
100
100
100
100
100
100
100
98
100
100
99
99
98
96
95
93
90
87
85
83
81
73
65
41
31
31
27
23
25
21
19
16
13
11
9
7
6
5
4
5
1
0
1
3
30
9
10
12
18
21
27
28
38
53
18
20
0
0
0
2
0
0
4
4
4
12
54
100
100
100
100
100
100
100
100
100
100
100
100
100
100
100
92
92
92
92
92
92
92
92
92
92
92
92
92
96
96
92
78
40
40
48
48
60
68
72
80
80
82
81
88
88
91
93
73
79
85
77
74
79
84
88
88
82
76
61
59
55
44
38
18
12
29
21
14
0
38
38
40
49
34
24
9
13
18
10
27
38
42
41
30
52
4
17
17
16
12
12
79
76
100
100
99
99
100
100
100
100
100
100
100
100
100
100
28
28
2
0
0
