0
0
0
0
0
50
50
50
34
34
34
34
34
34
34
34
34
34
34
34
34
58
58
56
78
76
74
75
91
89
84
87
71
73
74
52
68
63
33
31
48
28
16
3
17
35
26
53
61
24
44
42
36
0
26
55
49
1
21
34
23
29
49
46
46
27
0
25
46
29
0
7
15
59
57
88
68
71
49
50
52
52
52
96
96
96
78
78
76
76
50
50
50
26
42
42
42
26
0
0
0
0
0
18
18
34
16
16
16
16
16
22
48
74
74
74
90
90
89
88
85
82
80
75
76
70
66
51
60
56
50
45
40
35
31
29
0
16
16
0
0
7
0
0
0
0
0
1
0
0
0
0
0
0
0
0
0
6
9
13
16
25
13
34
35
49
39
61
60
65
63
61
92
59
29
0
0
22
22
90
90
90
90
90
98
98
98
98
98
98
98
98
98
98
98
100
94
94
94
94
84
84
90
98
98
98
82
82
98
82
82
44
22
22
53
67
68
81
78
76
70
70
68
68
37
51
71
67
64
39
17
29
25
21
18
15
6
9
8
6
0
0
31
38
28
45
4
28
17
30
0
34
25
23
17
4
7
27
32
44
43
49
54
43
45
84
90
87
93
90
92
94
95
72
100
76
76
96
96
96
100
100
100
100
100
100
98
98
98
98
98
98
96
96
96
96
88
88
88
88
88
88
88
90
90
90
90
50
50
50
78
77
51
50
48
47
83
80
77
75
73
71
63
55
41
23
19
17
13
25
21
19
16
13
11
9
7
6
5
4
5
5
7
0
0
28
1
2
4
20
23
29
28
38
53
38
50
57
61
61
80
82
88
96
96
96
96
96
96
96
96
96
96
96
80
96
96
96
96
96
96
100
100
100
100
100
100
78
92
92
88
72
94
94
94
96
96
96
96
74
64
92
88
100
100
100
100
94
94
92
91
90
90
89
87
93
91
89
85
82
59
60
88
88
82
76
61
59
55
48
44
24
28
45
41
10
27
32
38
28
33
34
24
11
15
20
16
33
44
56
39
34
60
32
77
69
98
98
98
99
100
100
100
99
99
100
100
100
100
100
100
100
100
86
84
84
84
42
0
0
