0
0
0
0
0
0
0
0
0
0
13
13
13
13
13
13
13
13
13
13
13
13
13
11
9
7
5
6
6
4
6
9
3
10
11
13
5
0
0
0
0
0
0
0
0
0
0
0
0
0
0
0
0
0
0
0
0
0
0
0
0
0
0
0
0
0
0
0
0
0
0
0
0
8
6
11
15
18
7
8
10
10
11
10
10
10
10
10
10
0
0
0
0
0
0
0
0
0
0
0
0
0
0
0
0
15
15
15
15
15
15
15
15
15
15
15
15
15
14
13
10
9
7
6
3
0
0
0
0
0
0
0
0
0
0
0
0
0
0
0
0
0
0
0
0
0
0
0
0
0
0
0
0
0
0
0
0
0
0
0
0
0
0
0
0
0
0
0
0
0
8
13
14
15
17
18
18
18
18
18
0
0
0
0
0
0
0
0
0
0
0
0
0
0
0
0
0
0
0
0
10
10
23
37
37
50
50
50
50
50
26
26
43
43
42
40
41
38
35
40
34
44
37
37
28
30
28
24
21
31
0
0
0
0
20
3
0
0
0
0
0
0
42
49
23
40
15
45
6
19
0
6
0
0
0
0
0
0
0
0
0
6
11
0
5
16
22
27
29
26
13
15
35
36
36
44
44
44
44
44
31
31
31
31
31
31
31
31
31
31
31
27
27
8
8
8
8
8
8
8
0
0
0
0
0
0
0
0
0
0
0
0
0
0
0
0
0
0
0
0
0
0
0
0
0
0
0
0
0
0
0
0
0
0
0
0
0
0
0
0
0
0
0
0
0
0
0
0
0
0
0
0
0
0
0
0
0
0
0
0
0
0
0
0
4
4
4
0
0
0
0
0
0
0
0
0
0
0
0
0
0
0
0
0
15
15
15
33
33
33
33
33
33
33
33
33
33
33
33
47
47
55
55
55
55
55
55
55
55
53
52
37
37
36
34
34
32
30
26
23
13
14
14
14
8
3
0
0
0
0
0
0
0
0
0
0
0
0
0
0
0
0
0
0
0
0
0
0
0
0
0
0
0
0
1
9
12
12
12
13
21
12
12
11
11
12
12
12
12
14
14
14
14
12
12
10
10
10
10
0
