24
54
78
78
78
94
94
94
78
78
78
76
76
52
74
96
96
96
96
96
96
96
74
72
62
38
14
15
15
13
8
11
21
15
16
0
0
0
0
0
0
0
0
0
0
0
0
0
0
0
0
0
0
0
0
0
0
0
0
0
0
0
0
0
0
0
31
35
22
27
35
43
51
37
35
40
68
71
73
74
76
0
0
0
0
0
0
0
0
0
0
0
0
0
0
0
0
0
0
0
0
0
0
0
0
0
0
0
44
60
60
60
44
44
44
44
44
44
43
20
17
14
6
1
0
0
0
5
2
14
0
0
0
9
21
19
2
2
10
1
1
5
2
0
0
0
0
0
0
0
0
0
0
0
0
9
12
16
3
7
28
33
37
18
23
27
41
45
56
43
57
43
44
45
47
48
24
24
24
24
100
100
100
94
94
86
98
98
98
98
98
100
100
78
78
78
78
86
86
92
92
90
90
90
90
90
90
88
88
90
90
68
46
46
65
79
80
77
58
78
72
72
70
70
63
65
63
37
34
35
35
31
11
23
0
15
12
9
8
6
0
0
35
42
16
11
8
38
17
30
0
34
19
19
13
16
19
23
28
44
49
55
44
59
71
82
88
93
67
88
94
96
93
94
94
26
90
90
90
90
90
94
94
94
94
94
92
92
92
92
92
98
98
98
98
98
100
100
100
100
76
68
98
98
98
98
98
98
98
98
98
97
97
94
92
91
89
86
59
57
71
69
61
45
31
37
37
33
29
13
9
0
16
13
11
9
0
6
5
4
5
5
7
0
0
28
1
2
4
18
21
27
28
38
51
40
50
57
67
67
82
86
92
90
90
90
98
98
98
98
72
48
86
86
86
86
86
96
96
96
96
96
96
96
96
96
96
96
96
96
96
80
88
88
88
88
88
88
88
98
98
98
82
82
96
96
96
80
80
94
77
92
92
91
73
73
89
71
67
70
83
84
84
84
78
48
61
59
55
48
44
24
34
39
35
32
31
36
42
44
49
34
24
13
17
22
18
31
42
54
29
18
66
66
85
91
94
94
94
95
96
96
96
93
89
90
68
46
94
94
94
94
94
94
94
94
94
94
94
0
