34
50
98
98
98
98
82
82
82
82
82
82
82
82
82
80
80
80
80
80
80
80
80
78
52
72
48
31
31
29
30
33
43
37
38
24
18
13
7
27
44
24
12
0
0
11
4
7
15
2
0
18
12
0
2
9
3
0
0
0
3
33
15
34
34
15
9
13
0
0
5
0
0
7
1
6
34
19
21
22
24
0
0
0
42
42
42
24
24
0
0
0
0
0
16
16
32
16
16
16
16
16
16
34
34
34
16
0
60
60
60
44
44
44
44
44
44
44
43
36
33
30
6
35
56
50
46
55
52
48
10
47
8
3
0
15
14
16
0
21
11
9
0
0
0
0
0
0
0
0
0
0
3
0
4
7
0
20
23
27
30
25
29
34
39
43
49
59
58
63
77
91
96
97
77
86
88
88
18
0
90
90
90
90
90
82
82
88
88
88
88
88
94
94
94
94
100
98
98
98
82
82
90
90
90
82
66
88
88
88
88
88
88
88
87
79
80
77
52
50
60
60
58
58
57
59
73
63
60
49
27
23
19
15
0
15
12
9
8
6
0
0
43
50
24
25
18
48
21
18
0
22
29
27
21
8
27
0
28
32
37
51
56
61
69
80
70
83
81
86
92
94
95
98
74
74
76
96
96
96
78
78
100
100
100
100
98
98
98
98
98
96
96
96
96
96
96
96
96
80
80
94
94
94
78
78
94
62
62
62
62
77
97
96
94
93
91
70
67
65
63
61
59
35
21
39
35
31
29
25
0
9
6
3
1
0
0
0
0
0
0
0
0
0
0
28
1
2
4
10
13
19
20
30
49
38
50
63
73
73
88
90
80
100
100
100
100
100
100
90
90
64
96
96
96
96
96
96
96
96
96
96
96
92
92
92
100
100
100
100
100
100
100
100
100
100
100
100
100
100
98
98
98
76
92
92
92
92
92
96
95
94
94
93
91
91
89
87
83
80
85
86
80
80
74
68
49
47
43
42
38
18
28
45
41
38
11
10
44
46
51
36
26
13
17
22
18
31
42
54
53
42
72
72
63
63
88
88
88
89
84
84
94
93
93
94
94
94
94
94
94
94
94
94
90
90
90
90
74
0
