0
0
0
0
0
0
0
0
0
4
6
6
6
6
8
12
16
16
22
22
22
24
24
22
20
18
18
19
23
31
24
31
29
33
36
40
30
31
0
0
10
0
0
0
0
0
0
17
27
10
14
8
0
0
0
5
5
0
0
0
23
51
55
52
52
33
27
31
30
25
25
33
45
51
49
50
46
51
53
58
64
74
78
78
98
98
98
98
96
96
96
96
92
92
92
92
92
90
90
86
82
72
68
68
48
52
52
52
4
8
8
8
12
18
24
28
32
36
41
46
49
54
58
57
60
58
56
53
50
44
40
37
36
25
19
13
8
4
0
0
0
9
6
4
2
0
1
3
1
0
2
3
5
6
10
13
16
20
23
27
30
0
0
0
0
0
0
0
0
0
11
15
12
9
9
12
12
12
12
16
16
10
10
10
10
10
10
10
10
10
10
10
10
10
8
6
6
6
4
2
10
12
14
16
18
20
22
30
42
48
52
54
58
58
69
67
74
77
82
88
80
80
76
78
67
67
67
67
58
49
29
27
21
21
18
17
12
3
2
0
0
0
23
46
26
47
22
48
23
34
0
28
21
15
0
0
0
1
0
2
5
11
20
5
7
14
20
23
19
24
38
52
55
64
68
80
86
86
86
86
86
86
82
82
82
82
78
72
66
74
66
54
52
46
42
32
28
28
32
48
52
56
56
56
58
58
64
66
66
66
76
81
83
84
84
81
77
84
85
67
63
59
55
51
35
27
29
25
23
19
15
17
12
9
11
9
7
6
5
4
5
3
7
7
9
38
1
0
0
10
11
9
12
18
27
16
28
15
15
15
28
30
30
30
34
32
42
52
60
62
68
92
100
100
100
100
100
96
96
96
96
96
92
92
88
88
76
66
58
52
62
36
74
74
74
74
74
74
76
76
80
82
84
84
84
86
92
94
96
96
97
96
60
59
61
61
59
57
53
50
53
58
64
66
60
62
51
53
51
46
44
24
34
51
47
44
33
38
44
46
49
36
26
11
15
16
2
15
24
36
31
22
48
54
65
71
86
94
76
99
90
82
74
73
73
74
74
74
74
74
74
72
68
58
56
56
42
30
22
0
