0
0
0
0
0
0
0
0
0
4
8
16
24
30
40
50
54
56
64
64
66
68
70
72
80
78
74
71
69
69
56
59
49
41
36
46
40
39
11
7
16
0
0
0
0
0
0
0
1
0
2
0
0
0
0
25
23
0
15
6
0
25
29
26
42
25
11
7
8
13
45
27
29
75
77
88
92
95
97
98
100
100
100
100
100
100
84
84
84
48
36
30
30
30
30
30
32
36
40
44
52
58
64
66
66
66
66
66
66
66
66
66
50
36
36
36
86
100
99
98
95
92
90
85
82
76
72
65
62
58
52
47
0
31
27
31
30
30
30
21
11
9
6
4
0
0
0
0
0
1
0
0
0
0
0
1
8
14
21
25
28
33
37
42
27
0
0
0
0
0
0
7
4
3
1
4
4
8
8
28
100
100
100
100
100
100
100
100
100
100
100
100
100
100
100
80
8
6
6
6
6
6
10
14
22
34
46
62
78
100
100
100
100
100
99
97
98
95
92
90
84
84
82
82
71
67
73
69
66
57
35
31
27
23
20
17
12
9
10
8
6
0
31
50
28
47
22
52
25
38
2
40
31
31
25
10
3
1
6
0
0
3
8
39
63
74
86
89
81
64
56
68
81
78
80
92
100
100
100
74
58
58
48
48
98
98
98
88
72
72
70
62
54
54
54
54
54
54
58
62
68
74
84
96
100
100
100
96
96
96
96
99
99
98
96
95
93
90
81
75
73
75
73
65
51
41
37
33
29
25
21
19
16
11
11
7
5
6
5
4
5
5
7
7
9
38
11
10
0
2
0
0
0
0
9
0
10
17
27
23
38
40
42
44
0
0
0
0
36
52
52
52
100
100
100
100
100
100
100
100
100
100
100
100
100
100
100
100
82
82
82
82
82
82
82
84
86
88
92
98
72
76
86
100
94
100
100
100
100
98
97
96
96
95
93
93
91
87
81
72
71
66
82
86
80
76
61
57
55
46
44
24
34
51
47
44
15
20
10
8
13
0
0
0
0
0
18
29
32
26
17
0
24
24
39
47
48
48
84
85
100
100
78
99
99
100
100
100
100
100
100
100
100
100
64
64
50
50
22
0
