0
0
0
0
0
2
2
2
2
2
2
2
2
4
4
8
10
10
14
18
18
22
26
24
24
24
26
33
37
37
34
41
43
37
42
44
34
35
15
17
36
16
0
0
1
15
6
31
43
36
38
38
28
0
36
39
39
15
27
12
0
25
29
26
26
7
11
11
6
3
3
9
17
25
27
36
34
31
29
80
100
100
100
100
100
100
88
88
88
88
88
84
80
80
76
72
72
70
70
18
0
0
0
0
0
0
4
4
4
4
6
8
8
8
8
10
16
22
71
74
77
76
78
73
72
66
66
59
56
56
48
41
36
31
29
27
28
22
30
21
11
7
4
2
2
2
1
3
1
0
2
1
7
6
8
13
12
16
0
0
0
0
0
0
0
1
0
47
52
55
69
77
78
77
79
76
74
80
58
80
100
100
100
100
100
100
100
100
100
100
100
100
100
100
100
100
100
98
100
92
86
86
86
86
86
86
86
86
86
86
90
94
94
94
93
49
48
47
42
32
38
40
38
60
53
55
53
43
42
33
31
29
25
21
20
15
14
9
10
8
0
0
41
46
24
43
22
52
25
38
0
20
13
13
9
12
13
13
14
18
13
15
20
5
7
16
14
19
63
60
58
60
59
60
100
100
100
100
100
100
100
100
100
100
100
100
100
100
100
100
100
100
100
98
54
54
54
54
54
54
50
50
50
50
50
50
50
50
100
100
100
99
99
98
96
95
45
42
39
37
39
37
33
25
15
13
13
11
17
15
13
11
16
13
11
9
5
4
3
2
3
5
7
7
9
34
3
2
0
0
1
7
0
10
25
14
0
0
0
0
4
4
6
60
56
54
54
54
52
52
60
60
100
100
100
100
100
100
100
100
100
100
100
100
100
100
100
100
100
100
98
100
70
70
70
70
70
72
78
78
84
88
100
100
100
100
100
100
100
98
97
70
68
65
63
63
61
57
47
44
43
40
78
78
72
66
51
49
45
44
38
4
6
23
31
36
27
32
40
44
51
36
6
0
0
2
0
15
26
32
27
4
30
30
33
33
34
34
90
99
98
98
68
67
67
68
68
68
68
68
68
68
68
68
68
68
68
68
10
0
