0
0
0
0
0
0
0
0
0
0
0
0
0
0
0
0
0
0
0
0
0
0
0
2
4
6
8
7
7
9
14
11
17
23
22
20
28
33
53
53
38
38
24
24
24
24
24
24
31
40
40
40
40
26
26
26
42
63
44
35
35
35
33
29
18
18
18
22
18
27
27
27
25
15
17
12
8
5
3
2
0
0
0
0
0
0
0
0
0
0
0
0
0
0
0
0
0
0
0
0
0
0
0
0
0
0
0
0
0
0
0
0
0
0
0
0
0
0
1
2
5
8
10
15
18
24
28
35
38
42
48
53
58
63
67
69
70
70
70
79
89
91
94
96
97
97
97
97
94
94
94
92
87
94
90
87
84
78
76
56
56
56
56
56
39
39
39
37
32
27
13
5
4
3
1
0
0
0
0
0
0
0
0
0
0
0
0
0
0
0
0
0
0
0
0
0
0
0
0
0
0
0
0
0
0
0
0
0
0
0
0
0
0
0
1
3
2
5
8
10
16
16
18
18
27
25
27
31
34
43
65
69
73
77
80
83
86
86
84
84
84
79
51
44
70
53
75
48
64
62
62
53
50
44
44
15
15
15
15
15
15
15
15
15
13
13
10
5
7
10
4
2
1
0
0
0
0
0
0
0
0
0
0
0
0
0
0
0
0
0
0
0
0
0
0
0
0
0
0
0
0
0
0
0
0
0
0
0
0
0
0
1
1
2
4
5
7
10
13
15
17
19
27
35
49
59
63
67
71
75
79
81
84
87
89
91
93
94
95
96
95
95
93
93
91
62
89
82
82
80
77
71
70
59
45
56
44
37
27
27
12
10
4
0
0
0
0
0
0
0
0
0
0
0
0
0
0
0
0
0
0
0
0
0
0
0
0
0
0
0
0
0
0
0
0
0
0
0
0
0
0
0
0
0
0
0
0
0
0
2
3
4
4
5
7
7
9
11
15
18
13
12
12
12
18
24
39
41
45
52
56
76
65
49
53
56
67
62
56
54
49
64
74
87
83
78
82
65
54
42
43
54
28
28
13
5
2
2
2
1
0
0
0
1
1
0
0
0
0
0
0
0
0
0
0
0
0
0
0
0
