0
4
8
16
16
16
12
12
12
12
12
12
12
12
12
12
12
12
12
12
12
12
4
2
0
0
0
7
7
0
0
0
0
0
0
0
0
0
0
0
0
10
0
0
0
8
1
28
21
25
21
26
20
0
32
39
41
24
44
42
31
61
65
62
54
35
29
37
36
41
42
41
49
59
43
48
52
55
54
55
57
42
42
42
62
45
32
32
30
21
21
21
21
21
14
14
14
14
14
14
14
14
14
14
14
14
14
14
14
26
26
26
26
12
12
12
12
12
11
10
7
4
2
9
23
23
22
15
12
8
9
4
0
0
0
0
0
0
0
0
0
2
0
0
0
0
0
0
0
0
0
0
0
5
9
12
15
19
23
25
28
33
37
42
48
52
58
59
64
59
73
93
88
77
79
80
80
80
84
84
92
92
92
83
83
83
93
93
60
60
51
51
51
40
40
40
40
40
40
39
39
39
39
39
39
44
44
44
44
28
63
63
63
63
45
43
44
41
38
36
45
45
58
40
31
50
48
30
27
25
14
18
14
10
7
4
1
0
0
0
0
0
36
43
17
34
9
28
3
16
0
41
32
30
24
27
25
29
24
28
33
28
33
38
38
34
37
42
27
24
21
37
35
36
40
40
94
96
96
88
88
85
85
85
95
95
95
95
95
94
90
83
65
59
52
52
48
48
48
48
60
60
62
62
62
62
60
56
56
48
48
47
47
54
52
51
64
51
36
34
32
47
55
31
17
7
3
0
0
16
12
10
11
8
6
5
3
2
1
0
0
0
6
6
8
37
10
11
9
15
18
25
26
36
46
41
40
47
59
59
57
59
50
54
54
36
36
36
31
31
31
31
95
100
96
96
96
96
96
96
96
96
96
87
86
86
75
75
75
75
75
75
75
72
72
72
76
76
76
64
64
64
79
79
79
88
88
88
77
75
67
61
61
79
90
91
85
83
79
76
81
73
73
75
53
64
49
47
43
36
32
12
22
39
35
32
21
33
39
24
29
9
22
9
17
22
18
35
42
54
53
42
72
71
73
72
75
71
78
82
83
83
83
91
91
92
92
95
100
100
100
100
100
96
96
80
80
61
53
53
