0
0
0
0
34
34
34
34
34
34
34
0
0
0
0
0
0
0
0
0
0
16
16
14
0
20
18
19
19
17
12
15
9
3
20
22
30
9
0
0
34
0
0
0
0
7
0
23
31
34
8
44
38
1
56
63
57
9
31
44
31
61
65
30
30
27
21
3
0
0
0
5
7
1
0
0
0
0
0
0
0
0
0
0
88
88
88
88
88
88
94
94
94
94
94
94
94
94
94
94
72
72
72
28
28
0
0
0
0
0
0
0
0
0
16
16
16
0
0
0
0
0
16
11
30
20
40
33
30
36
50
45
24
21
17
15
14
0
0
9
3
1
0
0
0
0
0
0
0
0
0
0
1
0
0
5
8
12
15
15
18
23
35
40
45
19
19
23
58
47
61
91
92
93
95
96
66
66
66
66
98
98
98
96
96
96
88
88
88
88
88
88
88
88
98
98
98
98
98
98
98
98
98
88
88
88
88
88
88
88
88
88
96
96
95
93
94
91
80
78
72
50
64
80
71
73
55
19
38
29
35
31
21
17
14
11
8
5
4
2
0
0
7
14
10
29
4
34
17
30
0
18
9
29
23
26
29
33
38
42
47
53
58
53
61
72
78
83
81
78
92
94
95
74
52
22
88
88
88
88
88
88
88
88
88
88
88
88
88
88
88
88
88
88
88
88
88
88
88
88
88
88
72
72
94
94
94
94
94
94
94
93
93
92
90
75
89
86
83
83
81
79
57
59
45
41
7
19
0
0
13
11
8
5
3
1
5
4
3
2
0
0
0
5
7
36
0
0
2
8
11
17
18
28
43
32
44
51
61
61
76
78
84
88
92
92
92
92
92
92
92
44
88
88
88
88
88
88
88
88
88
88
88
88
88
100
100
100
100
100
100
84
84
84
84
84
84
84
84
84
84
84
84
84
84
84
100
100
100
98
91
90
90
89
87
81
79
77
73
70
75
76
76
76
70
64
57
55
51
44
40
20
30
47
43
40
29
34
40
42
47
32
22
9
13
18
14
31
42
54
53
42
68
68
83
83
86
86
86
87
88
88
88
65
65
88
88
88
88
88
88
88
88
88
88
88
66
66
44
0
