0
0
16
16
16
16
16
16
32
32
32
16
16
24
56
84
84
52
68
88
88
88
88
86
84
82
80
81
61
81
76
73
83
77
62
80
72
45
17
31
28
8
2
9
23
41
34
61
29
38
34
32
26
0
38
45
39
19
41
16
5
59
63
60
38
19
29
33
36
41
49
57
65
75
71
76
80
93
95
74
76
76
76
76
100
100
100
100
98
98
98
98
98
98
98
74
74
66
66
66
78
78
100
100
100
100
100
100
84
100
100
100
100
100
100
100
100
84
85
84
87
78
76
71
44
62
58
35
32
50
44
39
34
29
25
23
22
22
22
7
0
0
0
0
0
0
0
0
0
0
0
0
3
0
4
7
10
14
17
21
24
29
33
38
43
47
53
57
62
67
81
83
84
85
87
88
88
88
88
88
98
98
98
98
98
98
98
98
98
98
98
88
88
88
90
90
90
90
90
68
68
90
90
90
90
90
90
90
90
90
96
96
96
96
95
93
94
91
88
86
80
78
76
76
67
69
67
41
42
27
31
27
23
19
16
13
10
7
6
0
0
0
23
30
30
47
22
52
25
38
0
38
29
27
21
24
27
33
38
42
47
37
42
47
55
64
70
75
73
70
70
72
73
74
74
74
92
92
90
90
90
90
90
90
90
90
90
90
90
96
96
96
96
96
96
96
96
96
96
96
96
96
96
72
96
96
100
100
100
100
100
99
93
92
90
89
87
84
81
83
81
57
51
43
29
41
37
33
29
25
21
19
16
13
11
9
7
6
5
4
5
5
7
7
9
38
11
12
14
20
23
29
30
40
55
44
56
63
71
71
86
80
86
90
90
90
90
90
96
96
96
96
96
96
96
96
96
90
90
90
90
90
90
90
90
90
90
92
76
76
98
100
100
78
100
100
100
100
100
100
100
70
100
100
100
100
100
100
100
98
97
96
96
85
81
81
79
77
73
70
75
84
62
74
38
54
5
3
21
30
26
6
22
39
35
4
21
34
40
42
1
14
4
0
7
12
8
25
36
48
47
36
62
28
43
51
54
54
54
73
100
100
100
99
71
72
72
72
94
94
92
92
92
92
92
92
92
70
70
0
