0
0
0
0
0
0
0
0
0
0
0
0
0
0
0
0
0
0
0
0
0
0
0
0
0
0
0
27
27
25
20
23
17
11
46
48
40
35
0
11
28
8
12
1
0
1
0
27
35
44
22
42
36
0
26
33
27
17
39
30
0
29
27
2
24
11
5
3
16
21
35
11
19
7
5
10
14
17
19
0
0
0
22
48
92
92
66
44
44
44
22
22
22
22
22
0
0
0
0
0
0
0
0
0
0
42
88
88
46
0
0
0
0
0
0
22
22
22
21
20
39
36
34
29
26
20
16
9
24
36
30
47
26
25
0
13
12
12
18
13
3
1
0
0
0
0
0
0
0
0
0
0
1
0
4
7
10
0
0
0
2
7
11
16
15
0
3
21
26
3
3
11
34
19
43
44
66
96
96
96
96
96
96
96
82
90
90
82
82
82
96
96
96
96
96
96
96
96
96
96
96
96
96
90
60
60
66
66
94
94
94
72
72
72
93
91
92
89
86
84
78
72
70
58
49
51
55
29
58
49
11
17
13
9
6
3
0
0
0
2
0
0
43
50
0
39
4
34
23
36
0
24
15
13
13
16
19
23
28
40
45
51
56
61
69
80
86
91
89
86
92
42
65
96
96
96
88
88
88
88
88
88
88
88
88
88
88
88
88
88
88
88
88
88
88
88
88
88
98
98
98
98
92
92
70
76
98
88
88
88
88
87
95
94
70
69
89
56
75
51
71
69
61
53
47
37
33
29
25
21
17
0
12
9
7
5
3
2
1
0
1
1
3
3
5
34
7
8
10
16
19
3
4
34
49
38
50
57
67
71
86
88
94
98
98
98
78
100
50
72
72
66
88
88
88
88
88
88
88
88
88
88
88
88
88
88
88
88
88
88
88
88
88
88
88
88
66
88
88
88
88
88
88
88
88
88
88
88
88
86
85
84
84
83
81
81
79
77
73
70
75
54
54
76
70
42
27
47
43
36
32
12
22
39
35
32
21
32
38
40
45
30
26
13
17
22
18
35
46
58
57
46
72
72
87
95
76
76
76
83
84
84
84
55
83
84
84
56
84
84
84
84
84
84
56
56
56
56
56
0
