0
2
2
2
2
6
6
6
8
8
8
10
12
14
18
18
18
18
22
22
22
20
20
20
18
16
16
17
19
17
18
19
17
13
16
18
16
13
0
0
6
0
0
0
0
0
0
15
19
14
10
8
0
0
6
13
5
0
0
36
21
49
53
54
52
33
29
35
42
43
47
55
61
67
67
72
72
69
75
76
78
78
78
76
74
76
74
74
76
72
72
72
76
76
74
74
74
78
74
76
80
80
80
78
78
78
78
28
28
28
28
34
44
44
46
46
48
46
47
46
41
42
42
41
42
40
40
37
32
30
22
11
16
15
11
11
10
8
6
5
5
5
4
4
0
0
0
0
0
0
0
0
9
6
10
13
16
20
23
25
30
33
39
44
49
53
59
63
68
73
87
95
72
69
67
66
64
68
68
60
54
50
44
40
40
40
44
44
44
44
46
46
20
20
20
20
20
16
16
16
12
16
18
16
16
16
14
16
20
22
24
28
28
30
29
29
30
31
28
26
16
18
24
26
17
19
17
15
16
17
15
7
3
3
4
0
0
0
0
0
0
0
21
26
20
37
20
46
19
26
0
36
31
23
13
16
15
35
40
44
49
55
60
65
73
84
88
95
85
76
54
60
57
60
66
66
74
76
80
80
80
82
82
82
62
62
54
54
54
54
54
52
52
56
50
50
48
48
46
54
56
60
66
66
68
48
56
58
62
62
64
65
65
60
58
59
51
60
55
45
43
43
29
25
23
19
17
17
17
17
13
9
8
9
9
7
7
4
3
4
3
0
3
7
9
38
11
12
14
20
21
29
28
40
55
44
56
55
65
65
80
78
84
80
66
56
46
42
38
34
32
28
100
100
100
100
100
100
100
100
100
100
100
100
100
100
100
100
100
100
100
100
42
42
42
42
42
42
42
42
42
46
48
50
62
62
84
86
86
90
91
96
78
73
71
71
71
69
67
64
69
64
62
58
48
40
23
21
15
4
0
24
34
51
47
44
33
38
42
46
51
36
26
13
17
22
18
35
46
58
57
46
70
72
77
87
86
88
90
99
100
100
98
97
97
98
98
98
98
98
98
94
86
84
78
74
74
70
68
0
