%ScheduledJobNum workload ScheduledRevenue UsedGreenEnergy UsedBrownEnergy UsedBrownEnergyCost RunningTime
0.912174409774109 116.758324451086 0.448780657938242 74.5809699592324 73.3909005728466 0.263238221914039 0.440401254156403 
1.01326730373878 129.698214878564 0.477755881285813 73.0924279615214 75.6692828540077 0.278177028977403 0.18619746216136 
1.30970977157352 167.642850761411 0.568054687852073 83.0268864660481 108.307666263795 0.407112031953868 0.177085714940386 
1.61141699297383 206.261375100651 0.624456796474418 72.0749962482349 159.094369703716 0.536272057641 0.196072846248534 
1.82780324987312 233.95881598376 0.624189660674913 50.8412255764893 202.934287763347 0.677989939338392 0.154587083621828 
1.41020871660316 180.506715725204 0.47510753648098 40.1625351939235 159.413743209737 0.539034135006626 0.0718727573372993 
1.70207173006515 217.865181448339 0.575792211844772 34.0759830943483 199.507083194683 0.634469933751203 0.0765810074531095 
1.57974228741341 202.207012788916 0.523830845175664 37.634348120292 179.151259727372 0.600896150409677 0.078020066838976 
1.56445656468801 200.250440280065 0.538019363239153 35.8967918203095 177.771646439257 0.571496123085675 0.101155635435852 
1.42835723329084 182.829725861227 0.516863497186374 35.4915339490246 158.159701551652 0.498938678258393 0.0777493741465544 
1.00881074803691 129.127775748724 0.351541103976476 29.4924139496265 117.825693745466 0.374779346087355 0.0817552407625066 
1.09641897241277 140.341628468834 0.394851368077765 31.1183302932078 116.640912619718 0.390901449258276 0.0711141179128167 
1.29981025889841 166.375713138996 0.449808155914867 34.9594662665282 140.103014272471 0.476124379590259 0.0511747032577066 
0.999011516171124 127.873474069904 0.338247497483851 27.4515961614384 114.881798372836 0.388035796117846 0.0459097612993225 
0.882124324992616 112.911913599055 0.298310235258433 21.7510939978219 100.358014306413 0.335473322495575 0.0315783596184937 
