0
0
10
20
20
20
20
30
40
50
50
50
60
70
70
70
70
70
80
80
90
90
90
88
86
84
72
63
63
61
76
69
53
47
48
50
32
27
7
5
22
2
0
0
0
11
4
31
39
36
32
40
34
7
56
63
57
31
53
44
33
53
57
54
54
35
29
33
36
41
49
57
65
65
63
58
62
55
47
48
50
40
40
40
100
100
100
100
100
100
100
100
100
100
100
100
100
100
100
100
100
100
100
100
100
100
100
100
40
40
30
30
40
40
40
40
30
40
49
48
45
62
60
55
62
56
52
45
52
58
52
47
42
37
33
31
30
30
30
21
11
0
0
0
2
0
1
3
1
1
4
3
9
6
10
13
16
20
23
27
30
35
39
44
49
53
59
63
68
73
87
95
96
97
99
100
100
100
100
100
100
100
100
100
100
100
100
100
100
100
100
100
100
100
100
100
100
100
100
100
100
100
100
100
100
100
100
100
100
100
100
100
100
100
99
97
98
95
92
90
74
84
82
82
73
75
73
69
66
57
35
31
27
23
20
17
14
11
0
0
0
0
49
56
30
47
22
52
25
38
2
42
33
31
25
28
31
35
40
44
49
55
60
65
73
84
80
95
93
90
96
98
89
100
100
100
100
100
100
100
100
100
100
100
100
100
100
100
90
90
100
100
100
90
90
100
100
90
100
100
100
100
100
100
100
100
100
100
100
100
100
99
99
88
76
85
93
90
77
85
83
81
73
65
51
41
37
33
19
25
11
19
16
13
11
9
7
6
5
4
5
5
7
7
9
38
11
12
14
20
23
29
30
40
55
44
56
63
73
73
88
90
96
90
100
100
100
100
100
100
100
100
100
100
100
100
100
100
100
100
100
100
100
100
100
100
100
100
100
100
100
100
100
100
100
100
100
100
100
100
100
100
100
90
100
100
100
100
100
98
97
96
86
85
93
93
91
79
85
82
87
88
88
88
82
76
61
59
55
48
44
24
34
51
47
44
33
38
44
46
51
36
26
13
17
22
18
35
46
58
57
46
72
72
87
95
98
88
88
79
70
70
60
39
39
40
20
20
20
20
20
20
20
10
10
10
0
0
0
0
