0
0
0
0
0
0
0
0
0
0
0
0
0
0
0
0
0
0
0
0
0
0
0
0
0
0
0
0
0
0
0
0
0
10
11
13
5
0
0
0
0
0
0
0
0
0
0
4
12
0
0
0
0
0
0
6
0
0
0
0
0
0
0
0
0
0
0
0
0
0
0
0
5
8
6
11
15
18
7
8
10
10
11
10
10
10
10
10
10
0
0
0
0
0
0
0
0
0
0
0
0
0
0
0
0
15
15
15
15
15
15
15
15
15
15
15
15
15
14
13
10
7
5
0
0
0
0
0
0
0
0
0
0
0
0
0
0
0
0
0
0
0
0
0
0
0
0
0
0
0
0
0
0
0
0
0
0
0
0
0
0
0
0
0
0
0
0
0
0
0
8
13
14
15
17
18
18
18
18
18
17
17
17
17
17
17
17
17
17
17
17
17
17
17
17
30
30
30
30
30
40
40
40
54
54
54
54
54
54
54
30
30
30
30
29
39
40
37
17
17
11
9
12
12
3
0
11
7
4
14
0
0
0
5
2
13
0
0
0
0
0
0
13
20
0
11
0
16
0
2
0
6
16
14
0
0
1
5
10
18
23
29
15
20
28
39
45
50
48
45
32
34
35
17
17
17
25
25
25
12
12
12
8
8
8
8
8
8
8
8
8
8
8
8
8
8
8
8
8
8
8
0
0
0
0
0
0
0
0
0
0
0
0
0
0
0
0
0
0
0
0
0
0
0
0
0
0
0
0
0
0
0
0
0
0
0
0
0
0
0
0
0
0
0
0
0
0
0
0
0
0
0
0
0
0
0
0
0
0
0
0
0
0
0
4
4
4
0
0
0
0
0
0
0
0
0
0
0
0
0
0
0
0
0
0
0
0
0
15
15
15
15
15
15
15
15
33
33
33
47
47
47
47
47
47
47
47
47
47
45
44
29
29
28
34
34
32
30
26
23
28
29
29
29
8
3
0
0
0
0
0
0
0
0
0
0
0
0
0
0
0
0
0
0
0
0
0
0
0
0
0
0
0
0
1
9
12
12
12
13
21
12
12
11
11
12
12
12
12
14
14
14
14
12
12
10
10
10
10
0
