0
0
10
10
20
20
30
40
50
60
80
80
80
100
100
100
100
100
100
100
100
100
100
98
96
94
82
93
83
91
76
79
73
67
58
70
72
47
37
35
52
32
20
9
23
41
34
61
69
56
52
40
44
0
46
53
57
31
53
44
23
53
37
34
34
15
9
13
16
21
29
37
45
55
53
58
62
65
67
68
50
40
30
100
100
100
100
100
100
100
100
100
100
100
100
100
100
100
100
100
90
90
100
90
90
90
100
20
40
40
50
50
70
70
100
100
100
100
99
98
95
92
90
85
82
76
72
65
62
58
52
47
42
37
33
31
30
30
30
21
11
9
6
4
2
2
1
3
1
1
4
3
9
6
10
13
6
20
23
27
20
35
19
44
49
53
59
63
68
73
87
95
96
97
99
100
100
100
100
100
100
100
100
100
100
100
100
100
100
100
100
100
100
100
100
100
100
100
100
100
100
100
100
100
90
100
100
100
100
100
100
100
100
100
99
97
98
95
92
90
84
84
72
82
73
75
63
69
66
57
35
31
27
23
20
0
14
11
10
8
6
0
49
56
30
47
22
52
25
38
2
42
33
21
25
28
31
25
40
44
29
55
60
65
73
84
90
95
93
90
96
98
99
100
100
90
100
100
100
100
100
100
100
100
100
100
100
100
100
100
100
100
100
100
100
100
100
100
100
100
100
90
80
100
100
100
100
100
100
100
100
99
99
98
96
95
93
90
87
85
83
81
73
65
51
41
27
23
19
25
1
19
16
0
11
9
7
6
5
4
5
5
7
7
9
38
11
12
14
20
23
29
20
30
55
34
56
63
73
73
88
90
96
100
100
100
100
100
100
100
100
100
100
100
100
100
100
100
100
100
100
100
100
100
100
100
100
100
100
100
100
100
100
100
100
100
100
100
100
90
100
100
100
90
100
100
90
100
100
98
97
96
96
95
93
93
91
89
85
82
77
88
88
78
72
66
51
59
35
48
44
24
34
51
47
44
33
38
44
46
51
36
26
13
17
22
18
35
46
58
57
46
72
72
87
95
98
98
98
99
100
100
100
89
89
90
90
90
90
80
80
80
70
60
50
40
40
20
10
0
