0
0
0
0
0
0
0
0
0
2
2
6
6
6
6
6
6
6
6
8
12
12
18
16
22
20
18
21
23
27
26
31
25
23
26
32
32
29
9
5
18
0
0
0
0
0
0
13
19
4
6
0
0
0
0
7
5
0
0
0
0
3
7
4
4
0
0
0
0
0
0
0
1
11
9
10
4
1
3
30
36
42
42
54
62
62
66
66
66
68
68
68
70
70
70
70
70
70
72
96
92
90
90
86
84
82
82
82
82
86
86
86
86
86
88
88
88
90
89
40
83
76
76
67
58
56
54
51
50
46
40
35
30
23
15
17
18
16
16
11
9
7
6
4
2
2
0
1
0
0
0
1
9
6
10
13
14
20
23
27
0
0
0
4
7
21
41
51
58
65
87
91
94
95
97
94
100
96
96
98
100
100
100
100
100
100
100
88
84
82
72
70
66
66
66
66
62
60
60
56
44
44
46
48
50
34
30
36
36
36
40
46
56
58
61
67
74
71
70
68
54
62
64
74
63
65
53
47
48
53
29
23
9
17
20
15
10
11
8
4
2
0
41
44
24
41
18
48
25
28
0
36
27
15
0
0
0
0
0
2
7
1
6
3
5
16
18
19
13
6
6
8
9
8
14
14
14
16
16
16
16
16
16
16
16
16
16
16
12
12
8
8
8
8
2
2
6
6
10
10
10
12
12
14
18
30
32
38
46
52
56
55
61
68
72
71
65
74
69
67
77
77
71
61
45
23
19
9
0
0
0
0
0
0
11
9
7
0
1
4
0
1
3
5
5
32
3
4
6
8
7
13
14
32
0
0
0
1
11
11
24
18
26
28
28
30
40
40
40
42
46
100
100
100
98
98
98
98
98
98
96
96
92
92
92
98
90
90
90
88
86
34
34
30
26
26
26
26
32
28
36
88
92
94
98
96
98
100
100
98
97
96
96
93
91
91
89
87
73
68
67
66
62
64
54
42
25
23
19
14
14
2
16
35
35
32
25
34
40
46
51
36
26
11
15
22
16
31
42
10
15
0
24
24
39
65
68
82
90
99
98
98
98
97
97
96
96
96
96
88
76
70
68
64
60
42
38
20
12
0
