0
0
8
8
8
8
4
4
4
12
12
12
12
12
12
26
26
26
39
39
39
39
39
37
45
43
41
52
44
32
14
17
26
20
21
23
15
10
0
0
0
0
0
0
0
0
0
0
0
0
0
0
0
0
0
0
0
0
0
0
0
0
5
0
0
0
0
0
0
0
0
0
2
24
13
18
19
43
45
46
48
33
33
46
46
33
7
7
7
7
7
7
7
7
7
7
0
0
0
0
0
0
0
0
15
18
18
35
35
35
57
81
81
81
83
83
83
83
82
81
78
75
73
82
79
73
69
62
59
55
49
44
39
34
30
28
27
27
27
18
8
6
3
1
0
0
0
0
0
0
0
0
0
3
0
3
6
2
5
0
0
3
21
26
29
36
57
61
68
53
67
92
93
94
84
81
99
99
99
99
99
91
91
86
86
86
86
68
68
50
50
33
33
33
33
33
33
33
44
60
60
59
65
51
51
51
51
51
86
86
71
71
91
91
90
88
89
86
88
86
80
80
78
78
71
73
71
67
64
55
35
31
27
23
12
12
3
11
0
0
0
0
0
17
0
3
0
8
0
0
0
0
0
0
0
0
0
0
0
0
0
0
0
0
0
2
8
13
11
8
30
40
73
74
87
73
89
85
96
94
94
98
98
98
98
98
80
80
62
62
62
62
65
73
59
59
55
55
55
39
39
39
41
41
60
60
58
58
54
38
42
41
41
40
56
55
53
67
64
62
66
64
56
48
34
24
20
16
12
8
4
19
16
13
11
9
7
6
5
4
5
5
7
7
9
38
11
12
14
20
4
10
11
22
36
21
0
7
33
61
66
79
85
100
100
100
100
100
100
100
100
82
99
99
99
97
85
78
78
81
81
81
83
83
77
77
77
77
77
77
93
93
93
93
94
94
94
94
94
83
82
96
96
96
96
68
80
92
92
90
89
88
88
87
92
92
90
88
84
81
77
78
65
81
75
66
51
49
29
25
36
4
31
48
37
34
23
28
34
23
29
35
25
12
16
21
0
27
39
51
50
23
60
69
84
92
95
95
95
96
97
97
97
96
77
83
86
86
86
81
66
57
45
45
45
45
44
21
17
3
