0
0
0
18
18
18
18
18
18
0
0
0
12
12
15
15
15
15
15
15
17
17
17
15
13
11
16
17
17
15
20
23
14
8
9
11
21
22
0
0
7
0
2
9
11
29
16
35
43
30
45
43
18
0
30
49
39
13
45
36
25
55
51
51
58
22
16
37
40
27
27
35
43
53
36
29
22
15
17
18
20
20
20
20
20
20
20
20
20
20
29
20
20
20
38
38
38
21
21
21
21
21
21
21
21
21
21
24
21
21
21
21
21
21
21
21
21
21
20
16
13
10
8
14
11
16
38
48
53
36
26
15
10
5
1
18
17
17
17
11
11
9
6
4
2
2
1
3
1
1
4
0
4
1
5
8
11
12
12
16
24
32
36
41
41
45
51
49
54
48
62
62
63
64
63
64
64
64
48
48
95
95
95
95
95
96
89
94
94
90
90
91
91
91
91
91
83
83
83
81
81
81
81
81
83
83
67
67
67
75
87
87
86
74
81
67
68
69
66
64
78
60
58
36
8
10
8
18
12
10
9
22
18
14
11
8
5
2
7
5
3
0
38
45
19
36
0
27
14
28
0
32
12
10
17
20
21
25
30
34
41
45
50
53
61
74
80
84
82
62
77
60
42
43
27
15
97
97
97
97
97
87
87
87
82
95
95
95
95
95
95
95
99
99
98
95
95
97
97
97
97
97
97
97
97
97
98
98
98
90
86
66
35
58
56
55
70
51
48
46
62
60
52
44
30
21
26
21
17
13
9
10
11
8
6
4
6
5
4
3
4
4
6
6
8
34
7
8
10
16
19
25
25
25
54
43
53
60
69
69
76
78
85
85
85
85
85
85
85
85
85
66
98
98
98
98
81
99
99
92
92
92
92
92
92
92
89
100
100
100
100
100
100
100
100
100
100
97
95
95
95
95
95
93
81
96
96
90
90
88
87
87
67
66
71
85
83
81
77
75
73
79
79
70
59
53
53
51
47
40
36
8
18
35
30
27
26
31
37
39
44
29
19
13
15
20
16
31
43
58
57
46
64
68
76
86
87
87
87
72
70
81
97
96
96
97
97
97
100
100
100
99
99
99
99
100
94
93
70
0
