0
0
0
0
0
0
0
0
0
0
0
0
0
0
0
0
0
0
0
0
0
0
0
0
0
0
15
15
15
15
14
15
14
13
0
0
0
11
6
6
9
6
4
2
4
7
6
10
11
9
9
8
7
2
9
10
9
5
9
7
6
0
11
11
11
8
7
7
8
9
0
0
0
0
0
0
0
0
0
0
0
16
16
16
16
16
16
16
16
16
16
16
16
16
16
16
16
16
16
16
16
16
16
16
16
16
16
16
16
16
16
16
16
0
0
0
16
16
16
16
16
15
15
14
14
13
12
11
10
10
9
8
0
0
0
0
5
5
5
4
2
2
1
1
1
1
1
1
1
1
1
1
2
1
2
3
3
4
4
5
5
6
7
7
8
9
10
11
0
0
0
0
0
0
0
0
0
0
16
16
16
16
16
16
16
16
16
16
16
16
16
16
16
16
16
16
16
16
16
16
16
16
16
16
16
16
16
16
16
16
0
0
0
16
16
16
16
16
15
15
14
14
14
14
12
12
12
11
11
0
6
5
5
4
4
3
3
2
2
2
1
0
8
9
5
8
4
9
4
7
1
7
6
5
4
5
5
6
7
7
8
9
10
11
12
14
15
16
15
15
0
0
0
0
16
16
16
16
16
16
16
16
16
16
16
16
16
16
16
16
16
16
16
16
16
16
16
16
16
16
16
16
16
16
16
16
0
0
0
0
0
0
16
16
16
16
15
15
14
14
0
0
0
0
0
7
6
6
5
4
4
3
3
3
2
2
2
1
1
1
1
1
1
2
2
6
2
2
3
4
4
5
5
7
9
7
9
11
12
12
14
15
16
16
16
0
0
0
0
16
16
16
16
16
16
16
16
16
16
16
16
16
16
16
16
16
16
16
16
16
16
16
16
16
16
16
16
16
16
16
16
16
16
16
16
16
16
16
16
0
16
16
16
16
15
15
15
15
0
0
0
15
14
14
14
13
10
10
9
0
7
4
6
9
8
7
6
7
0
8
9
6
5
3
3
4
3
6
8
10
9
8
12
12
14
16
16
16
16
16
16
16
16
0
16
16
16
16
16
16
16
16
16
16
16
16
16
16
16
16
