0
0
0
0
0
0
0
0
0
0
0
0
0
0
0
0
0
0
0
0
0
0
24
22
50
48
46
47
47
45
40
43
37
23
48
50
42
37
7
5
22
2
6
0
0
0
0
5
35
22
18
16
10
0
22
29
23
21
39
8
0
9
35
32
32
29
23
5
8
13
0
5
39
27
25
30
18
21
23
24
26
26
26
52
94
94
94
76
76
52
52
52
52
52
52
52
68
68
42
26
26
26
0
0
0
0
0
26
26
26
42
42
42
42
42
42
42
42
41
40
37
18
12
7
4
14
10
19
38
34
50
45
40
35
15
13
12
12
18
11
1
3
0
0
0
0
0
0
0
0
0
0
0
0
0
0
14
18
5
25
28
11
15
4
9
0
19
1
6
11
3
27
12
13
0
0
22
22
66
66
100
100
100
88
88
88
94
88
88
48
86
86
86
98
98
98
78
94
94
94
94
96
92
92
92
92
68
70
70
86
86
86
78
94
93
91
92
67
80
78
78
62
44
60
51
47
67
63
44
43
21
0
7
3
6
3
0
0
0
0
0
0
39
30
26
43
0
26
13
28
0
36
27
27
5
8
25
35
16
20
31
41
48
53
65
70
76
83
89
86
92
94
91
68
68
66
88
88
88
88
90
100
100
100
84
100
100
100
100
100
100
84
92
92
92
94
94
94
94
94
92
92
92
92
92
84
84
82
88
88
92
91
97
96
94
65
79
76
73
71
69
65
57
49
35
25
19
33
29
25
21
0
0
7
5
9
0
0
0
0
0
0
0
0
0
28
1
12
10
16
19
25
26
36
51
24
36
63
73
71
88
90
96
92
88
90
74
78
68
44
58
100
100
100
100
100
100
100
100
84
90
90
98
98
98
98
98
98
96
96
96
96
96
98
98
98
98
96
94
94
94
94
94
94
94
100
100
100
100
98
75
74
90
89
87
87
79
77
73
70
53
66
66
88
82
66
51
49
55
48
36
16
30
47
47
44
33
28
34
20
41
32
22
9
13
18
14
31
10
44
43
34
66
66
81
79
92
92
92
93
94
94
94
93
93
94
94
94
94
94
94
94
94
90
90
90
100
100
76
0
