0
0
0
0
0
0
0
2
6
6
6
6
6
6
6
10
14
16
22
22
24
32
34
38
40
38
36
35
31
29
26
35
31
33
34
34
26
19
0
0
0
0
0
0
0
0
0
0
5
6
6
2
0
0
0
3
3
0
1
0
0
5
9
6
6
0
0
0
0
0
0
0
0
5
3
12
6
3
5
8
10
12
22
26
26
28
28
32
38
42
44
48
52
54
54
100
100
100
100
96
96
94
84
80
80
76
76
72
70
66
64
60
56
60
62
16
16
64
65
68
67
64
62
57
54
58
54
47
46
42
36
31
26
19
13
9
8
12
30
21
9
7
4
4
2
2
1
3
0
0
2
1
9
6
10
13
16
16
0
0
2
7
11
14
27
0
0
3
4
9
23
31
30
29
35
36
42
50
64
78
94
94
94
94
86
66
66
66
66
66
66
66
66
64
60
58
54
48
34
20
4
6
14
14
14
14
14
22
28
32
44
44
52
56
61
63
66
69
66
66
62
70
64
64
61
71
73
69
64
53
27
25
17
21
16
13
14
11
10
8
6
0
45
54
28
39
18
48
17
30
0
32
21
9
0
0
0
0
0
0
0
0
0
3
5
14
12
9
7
4
2
4
5
16
28
30
50
50
50
50
50
50
50
50
52
52
52
52
52
56
60
64
64
58
50
54
38
38
44
46
48
50
52
56
56
64
70
72
72
68
66
69
69
62
86
81
77
80
77
77
81
77
69
57
45
33
29
27
25
21
21
17
14
13
11
9
5
6
5
4
1
1
3
7
9
32
0
0
0
0
0
0
0
4
9
0
10
9
11
7
18
20
6
4
6
6
22
28
48
64
68
84
100
100
100
100
100
100
100
100
100
100
100
100
98
100
96
94
82
68
64
50
42
42
44
44
48
48
70
76
86
88
88
88
88
94
86
90
92
88
89
88
88
87
87
87
83
81
77
70
67
66
76
78
72
62
57
51
43
42
40
22
32
49
45
44
33
38
42
46
51
36
20
7
15
22
0
5
12
18
17
4
26
26
41
63
76
84
94
99
96
96
90
87
81
80
76
76
76
76
72
66
64
60
58
42
28
20
10
0
