0
0
0
0
0
18
18
18
18
18
29
36
36
36
36
48
48
48
48
48
48
48
50
51
49
47
38
47
58
74
69
72
72
73
74
58
69
64
16
8
6
1
0
0
0
0
0
10
35
22
18
16
29
0
22
48
31
5
20
0
0
17
32
29
29
8
0
0
0
0
0
0
0
2
0
5
0
1
3
0
0
0
18
18
35
35
35
35
35
35
44
35
38
38
38
38
38
38
38
38
38
38
38
38
59
59
59
59
62
70
70
70
70
77
75
75
75
87
86
85
92
89
69
67
82
76
72
65
62
58
52
47
42
37
33
31
22
23
23
19
9
0
0
0
0
0
0
0
0
0
0
0
0
0
4
7
0
0
0
0
0
0
0
0
0
0
0
0
0
0
0
0
19
34
36
37
37
37
55
56
56
56
56
56
56
51
51
51
65
65
65
65
65
65
65
65
47
46
32
32
32
32
32
32
32
47
65
51
54
69
100
100
82
70
69
67
68
50
47
66
74
74
51
51
42
62
41
37
42
40
18
14
13
6
3
0
14
11
10
8
6
0
49
56
15
32
7
43
16
29
0
31
22
15
19
22
11
15
20
24
10
16
21
26
37
50
72
69
68
68
72
74
71
98
98
98
98
98
98
98
98
98
98
98
98
98
98
97
99
93
93
88
88
91
99
85
85
72
96
96
96
96
92
72
79
74
74
63
67
67
60
59
59
65
71
83
81
78
75
83
81
79
57
49
35
26
33
31
27
23
19
17
14
11
9
7
5
4
3
2
5
5
7
7
9
38
7
8
3
9
20
26
27
37
52
35
33
40
50
41
56
65
90
100
100
100
99
83
83
76
93
93
100
100
100
100
100
100
100
100
100
100
100
100
96
96
96
96
96
96
96
86
94
94
75
63
44
73
73
73
81
81
91
78
78
96
77
82
84
95
94
93
93
92
90
90
88
86
82
78
83
82
82
82
75
69
40
38
34
37
43
23
15
37
33
38
22
30
36
20
28
29
19
12
13
18
14
31
42
54
53
42
50
61
86
94
87
87
71
99
100
100
100
99
99
100
100
100
100
95
95
100
100
75
67
67
31
1
1
0
