%ScheduledJobNum workload ScheduledRevenue UsedGreenEnergy UsedBrownEnergy UsedBrownEnergyCost RunningTime
1.14467139595687 44.9828902103649 0.57676413922771 181.585107947315 184.342308128339 0.571989512165604 1.70439072520037 
1.60183501700956 65.9780985095344 0.926871075200894 287.658882601108 298.478249853718 0.952951339517791 2.37643036512389 
1.9340436652768 62.112936506461 0.669378621690459 190.807868458606 203.477215848862 0.725151171711175 2.1470822616655 
1.65373550237159 76.2844607113606 0.511927328268513 134.403946961538 156.489326226348 0.49840029197544 3.54412186549236 
2.2272589587218 65.6489449766307 0.426463243316594 110.89922453838 142.243384026214 0.591480513627917 2.72541251848922 
2.11519769330392 267.223621296665 0.623182079702187 99.7476572413895 255.075867210721 1.0688368479427 2.01760728115168 
1.89382638633092 242.694523079063 0.533752786085549 74.2831625455891 260.2571433772 0.967394358812854 1.71030645553889 
2.14883558670175 289.428025359328 0.791144671887655 94.4396834016755 272.540273151028 0.90331684583511 1.53544767259202 
2.18487843418754 323.590944951392 0.850115646653653 73.3006697827166 286.878818105812 1.03067772690994 1.52873610867551 
2.36272643543931 391.47012843097 0.863447183610933 62.2144596857066 373.17995446093 1.35961543802559 1.57457055534455 
1.61959824300983 229.079902939271 0.504571203874037 67.8417175205108 233.358753020974 0.814530922642278 1.31690938665562 
2.56261252688724 374.792326390257 0.961684350393612 65.3863119907106 358.142691709231 1.18710994428976 1.63302196257631 
2.03898433698443 342.941167813835 0.859410963318551 54.0666714738633 331.134419417431 1.09665116961144 1.25914841875595 
2.85337400187267 332.750246412685 0.865367504895052 43.5425843176864 320.313067728292 1.02853623761667 1.01944933936021 
2.94200593004584 391.32086821987 0.999687083447382 34.0257683009611 382.622606937536 1.2132779631605 1.41427343548018 
