0
0
0
0
10
10
10
20
20
30
30
50
50
70
70
80
100
100
100
100
100
100
100
98
96
94
92
93
83
91
86
79
83
67
78
60
72
47
37
25
22
12
20
9
23
41
34
61
69
56
52
50
44
0
46
53
47
21
33
24
0
23
7
24
44
35
9
23
36
41
49
57
65
75
73
78
82
85
87
88
80
100
100
100
100
100
100
80
60
40
40
30
20
20
20
20
20
20
20
20
30
40
50
70
100
90
90
100
100
100
100
100
100
100
100
100
100
100
99
98
95
92
90
85
82
76
72
65
62
58
52
47
42
37
33
31
30
30
30
21
11
9
6
4
2
2
1
3
1
1
4
3
9
6
10
13
16
20
23
27
30
35
39
44
49
53
59
63
68
73
87
95
96
97
99
90
80
90
100
100
100
100
100
100
100
100
100
100
100
100
100
100
100
100
100
100
90
100
100
90
80
100
100
100
100
100
100
100
100
100
100
100
100
100
99
97
98
95
92
90
84
74
72
82
63
35
63
69
66
57
35
31
27
23
20
17
14
11
10
8
6
0
49
56
30
47
22
52
25
38
2
32
23
31
25
28
31
35
40
44
49
55
60
65
73
84
90
95
93
80
86
98
99
100
70
100
100
100
100
100
100
100
100
100
100
100
100
100
100
100
100
100
100
100
90
90
100
90
100
60
100
90
100
100
100
100
100
100
100
100
100
99
99
98
96
95
93
90
87
85
83
81
63
65
41
41
27
33
29
25
21
19
16
13
11
9
7
6
5
4
5
5
7
7
9
38
11
12
4
10
23
29
30
40
55
44
56
63
73
73
88
90
96
100
100
100
100
90
90
100
100
100
100
100
100
100
100
100
100
100
100
100
100
100
100
100
100
100
100
100
100
100
100
100
100
100
90
100
100
100
100
100
100
100
100
100
100
100
100
98
97
96
96
95
93
93
91
79
85
82
77
68
78
78
82
76
61
59
55
48
44
24
34
51
47
44
33
38
44
46
41
36
26
13
17
22
18
35
46
58
57
46
72
72
87
95
98
98
98
99
100
100
100
89
89
80
60
50
50
40
20
10
0
0
0
0
0
0
0
0
