0
0
0
0
0
0
0
0
44
44
44
28
28
28
60
88
88
56
28
48
68
68
84
62
94
68
88
89
85
81
76
79
73
63
64
66
48
65
35
33
38
18
6
0
13
35
28
55
37
24
42
40
34
0
46
53
41
15
53
44
33
47
49
46
46
27
21
31
34
39
47
55
63
73
49
32
80
83
63
88
90
90
90
90
90
96
96
96
96
96
94
94
94
94
94
88
98
98
98
98
98
98
98
98
98
98
82
82
86
86
86
86
86
86
64
98
98
98
97
96
93
88
86
81
82
76
72
65
62
58
52
45
40
35
31
29
28
28
28
19
9
7
0
2
0
0
0
0
0
0
0
0
1
0
2
5
8
12
13
17
20
25
29
12
39
43
49
53
58
63
53
61
62
63
65
66
66
66
66
94
94
94
94
94
94
94
94
94
94
94
94
94
94
94
72
72
72
72
96
96
96
88
88
88
88
88
88
88
88
88
88
88
88
88
87
85
86
61
62
82
54
54
76
76
67
69
67
63
60
51
29
25
21
17
14
15
12
9
2
0
0
0
49
56
30
47
0
50
23
34
0
38
29
27
21
24
23
27
32
36
41
47
52
57
65
78
84
67
39
36
72
74
75
76
100
100
100
100
100
100
100
100
100
100
100
100
100
76
76
98
98
98
96
96
96
96
96
96
74
74
74
68
98
98
98
98
98
98
92
90
90
89
97
96
94
93
91
88
85
83
81
79
71
63
49
39
35
9
29
25
21
0
16
13
11
7
5
4
3
0
0
1
3
3
5
34
7
8
10
16
19
29
30
40
55
36
48
55
59
59
74
76
82
86
70
70
70
70
100
100
100
100
96
96
96
96
96
96
96
90
90
90
90
90
90
90
68
68
68
68
52
84
84
84
76
98
98
98
98
98
98
98
96
96
96
74
98
98
98
96
95
80
80
57
85
85
83
73
69
66
71
72
56
56
50
44
29
27
23
32
28
8
18
11
35
32
27
34
40
42
1
14
16
3
7
12
8
25
36
14
13
2
28
28
43
51
88
88
88
61
88
88
88
87
59
72
72
72
94
94
94
94
94
94
94
94
92
70
70
0
