0
0
0
0
0
0
0
0
16
16
16
0
0
0
16
44
44
28
0
20
40
56
72
50
82
84
82
83
59
81
76
79
73
67
64
72
68
63
33
27
28
8
8
0
11
39
32
59
41
28
48
46
40
3
52
59
53
27
49
12
1
53
57
54
54
35
29
33
36
49
35
43
41
51
49
76
80
83
85
86
66
66
44
44
90
90
90
90
90
90
90
90
90
90
90
98
98
98
98
98
98
98
98
98
98
98
82
82
82
82
98
98
76
70
94
94
62
88
87
64
85
82
80
59
82
76
72
65
62
58
52
47
42
37
33
31
30
30
30
21
9
0
4
2
0
0
0
0
0
0
0
0
1
0
2
5
8
12
15
19
22
27
31
36
41
45
51
53
58
39
81
89
90
91
93
72
72
94
94
94
94
94
94
94
94
94
88
88
88
76
76
76
76
76
76
76
98
82
82
82
88
88
88
88
96
96
96
66
88
88
88
88
88
88
87
85
86
83
80
86
74
74
42
50
67
69
67
41
38
29
33
29
25
21
18
15
12
9
8
6
4
0
49
56
30
47
22
50
23
36
0
28
19
17
11
14
17
21
26
30
35
19
30
59
67
78
84
89
65
62
68
48
49
78
52
80
80
80
80
80
80
80
80
80
80
80
80
80
80
80
80
80
96
96
98
98
98
98
98
68
98
98
98
98
98
98
98
98
98
98
98
75
75
74
72
71
93
66
63
61
83
81
73
65
51
41
37
33
29
25
21
19
16
0
9
7
5
4
3
2
3
3
5
5
7
36
9
12
14
20
23
29
30
18
55
20
4
33
65
65
80
82
88
92
92
92
92
92
66
66
88
88
88
88
88
88
98
98
98
98
98
98
98
98
98
98
100
90
90
100
100
100
100
100
100
100
100
98
98
98
44
82
82
82
96
96
96
96
96
94
93
92
92
69
45
45
67
65
61
58
63
64
72
72
66
30
15
13
31
24
20
0
10
49
45
42
31
36
42
44
49
34
24
0
0
0
0
0
0
8
7
0
34
62
77
85
88
88
88
89
90
56
56
55
55
80
80
52
96
96
96
96
96
96
96
96
88
66
66
0
