0
0
0
0
0
0
0
0
0
0
0
0
0
0
0
0
0
0
0
0
0
0
0
0
0
0
0
0
0
0
0
23
17
11
12
14
6
35
31
29
46
26
12
1
0
0
0
0
11
0
0
14
8
0
4
11
23
19
41
6
0
25
7
4
20
15
9
19
12
27
13
21
0
7
31
36
62
43
45
24
26
26
26
70
92
92
96
96
96
70
70
70
48
48
48
22
22
0
0
0
0
0
0
0
0
42
88
88
46
0
0
0
0
0
0
0
0
22
43
42
39
36
34
29
26
20
16
31
50
46
40
35
30
25
21
19
14
14
14
5
0
9
6
4
2
2
1
0
0
0
0
0
0
0
10
13
16
20
23
27
8
13
17
0
5
9
15
19
26
19
33
41
26
27
21
22
22
22
22
38
76
76
90
74
74
74
74
82
82
82
82
82
96
98
98
98
98
98
98
98
98
98
88
88
88
66
66
88
88
88
88
88
88
88
87
93
94
91
52
50
44
72
70
70
61
63
61
41
60
51
29
25
15
21
18
9
0
0
0
0
0
0
35
42
16
33
8
38
11
18
0
10
23
21
15
18
21
33
38
42
31
37
42
47
55
66
80
91
89
86
78
76
77
78
78
48
88
88
88
88
88
88
88
88
88
88
88
88
88
88
88
88
88
88
88
88
88
88
88
88
66
88
88
88
88
88
88
88
88
88
88
87
87
86
84
95
93
90
83
81
79
77
61
53
39
29
25
21
17
13
9
7
4
1
0
0
0
0
0
0
0
0
0
0
0
26
0
0
2
8
11
17
18
28
43
32
44
51
61
61
76
78
84
44
44
94
72
94
94
94
94
94
94
94
94
94
94
94
94
94
94
94
88
88
88
88
88
88
88
88
88
88
88
88
88
88
88
88
88
88
88
88
88
88
88
88
44
74
80
78
83
82
82
81
79
79
77
75
71
68
73
68
68
84
78
72
35
55
51
44
40
20
30
47
43
40
21
26
32
34
45
30
20
7
11
22
18
35
46
58
57
46
72
72
87
79
82
82
82
83
100
100
100
99
99
94
94
94
94
94
88
88
88
88
88
88
88
88
66
0
