0
0
4
4
4
12
12
12
12
12
12
12
12
12
14
16
16
22
22
22
26
26
22
22
22
16
14
15
21
19
18
21
21
17
16
20
16
11
0
0
0
0
0
0
0
0
0
7
11
8
6
6
0
0
12
19
21
0
9
0
0
21
25
22
22
0
0
0
46
49
59
67
75
85
83
88
84
81
83
84
86
84
86
86
86
86
86
86
100
100
100
100
100
100
100
100
100
100
100
100
100
98
90
86
86
86
86
86
44
36
28
26
26
26
26
76
72
72
71
72
69
70
72
71
72
72
72
65
40
36
30
25
20
15
11
0
0
0
0
0
0
0
0
0
0
0
0
0
0
0
0
0
5
2
6
13
14
18
21
23
28
31
31
36
41
39
47
51
56
57
71
75
72
73
79
60
62
62
66
68
98
100
100
100
100
100
100
100
100
100
100
100
100
100
96
84
88
92
88
78
38
38
36
36
34
34
30
32
38
46
50
50
50
50
51
39
34
35
40
42
36
36
34
44
33
35
37
31
22
9
5
7
5
5
8
7
4
0
0
0
0
0
23
30
20
37
16
46
25
34
0
20
9
3
0
0
0
0
4
10
15
21
26
19
11
20
14
17
9
6
0
2
3
4
4
4
4
2
2
0
0
0
0
2
2
6
6
6
6
10
12
12
12
12
12
12
12
14
14
18
18
18
18
20
20
20
20
24
28
24
22
23
23
24
32
31
29
26
23
17
17
19
11
27
27
27
27
27
23
23
19
17
14
9
0
0
0
0
0
0
0
0
0
7
9
38
11
10
8
12
15
23
24
34
49
38
50
57
67
67
82
84
90
56
92
84
84
78
78
76
76
72
100
100
100
100
100
100
100
100
100
100
100
96
96
98
98
98
98
98
98
98
82
82
82
86
86
90
92
96
100
100
100
96
98
90
86
86
86
86
87
86
38
45
43
43
41
35
79
72
73
74
76
72
64
60
45
47
49
42
38
20
28
37
35
28
17
22
44
46
51
36
24
11
15
18
14
31
42
52
49
38
64
64
77
85
88
88
28
99
98
98
98
97
97
98
98
94
88
88
88
88
78
78
78
78
78
78
72
0
