0
0
0
0
0
0
0
0
0
0
0
0
0
0
0
0
0
0
0
0
0
0
0
0
20
18
16
17
17
45
40
43
53
47
48
26
40
51
21
19
20
0
0
0
0
9
2
7
37
24
44
42
6
0
2
9
3
21
43
12
1
7
11
30
30
11
21
43
2
7
0
5
37
65
65
54
40
19
47
24
26
50
50
50
50
50
26
26
26
26
26
26
26
0
0
0
0
0
0
0
0
0
0
0
0
0
0
0
0
0
0
0
0
0
0
0
0
0
15
36
33
38
30
25
22
0
18
27
40
36
14
47
42
37
9
7
6
10
10
7
0
0
0
0
0
0
0
0
0
0
0
0
5
0
0
3
6
10
13
1
4
31
35
40
45
1
23
17
22
11
9
33
12
13
0
0
0
0
0
78
100
100
88
88
88
88
88
96
96
96
98
98
98
88
88
92
98
98
96
96
96
94
94
92
92
92
90
90
68
68
68
90
90
90
89
87
68
65
62
60
76
76
74
74
65
45
43
55
30
37
15
23
19
15
12
9
6
3
2
0
0
0
35
42
16
33
16
46
13
10
0
20
33
15
9
14
17
15
20
34
47
53
56
61
69
62
68
71
87
84
90
98
79
84
74
72
92
92
92
86
86
100
100
100
100
100
96
96
96
80
94
94
94
94
94
94
94
94
94
94
92
92
92
92
92
70
94
94
94
94
98
97
97
96
94
91
89
86
83
79
53
51
65
57
35
41
37
17
13
9
5
3
0
13
0
5
3
2
1
0
1
1
3
5
7
36
11
12
14
20
23
29
14
34
49
38
50
37
71
71
84
86
90
96
96
72
88
88
88
88
88
90
90
90
90
94
94
94
94
94
100
100
100
100
96
96
96
96
96
96
96
96
96
96
80
96
96
96
64
64
98
98
98
82
82
96
96
96
96
94
93
88
80
79
79
91
89
87
83
80
85
86
86
76
70
64
59
57
53
46
42
22
32
49
45
42
31
32
38
40
33
34
24
11
15
16
12
29
24
36
33
32
68
68
83
91
94
94
94
95
94
92
92
69
93
94
94
86
94
94
94
94
94
94
94
86
86
64
32
0
