0
0
0
0
0
0
0
0
0
0
0
0
0
0
0
0
0
0
0
0
0
0
0
0
0
0
0
6
13
11
6
9
3
10
11
13
5
0
0
0
0
0
0
0
0
0
0
4
12
0
0
0
0
0
0
0
0
0
0
0
0
0
0
0
0
0
0
0
0
0
0
0
0
8
6
11
15
18
7
8
10
10
11
10
10
10
10
10
10
0
0
0
0
0
0
0
0
0
0
0
0
0
0
15
15
15
15
15
15
15
15
15
15
15
15
15
15
15
16
34
31
13
11
6
3
0
0
0
0
0
0
0
0
0
0
0
0
0
0
0
0
0
0
0
0
0
0
0
0
0
0
0
0
0
0
0
0
0
0
0
0
0
0
0
0
0
0
0
0
0
8
13
14
15
17
18
18
18
18
18
0
0
0
0
0
0
0
17
17
17
17
17
17
17
17
17
17
17
17
17
27
27
40
54
54
54
54
54
54
54
43
43
43
43
42
40
41
50
47
52
46
44
37
37
28
13
11
7
4
14
4
0
9
5
2
13
0
0
0
0
0
0
25
32
0
11
0
16
0
0
0
0
3
1
0
0
1
5
10
14
0
6
11
28
36
47
53
58
56
53
40
42
43
25
25
25
25
25
12
12
12
12
12
12
12
12
8
8
0
0
0
0
0
0
0
0
0
0
0
0
0
0
0
0
0
0
0
0
0
0
0
0
0
0
0
0
0
0
0
0
0
0
0
0
0
0
0
0
0
0
0
0
0
0
0
0
0
0
0
0
0
0
0
0
0
0
0
0
0
0
0
0
0
0
0
0
0
0
0
0
0
0
0
0
4
4
4
0
0
0
0
0
0
0
0
0
0
0
0
0
0
0
0
0
0
0
0
15
15
15
15
15
15
15
15
33
33
33
33
47
47
47
47
55
55
55
55
55
55
53
52
37
37
36
34
34
32
30
26
23
28
29
29
14
8
3
0
0
0
0
0
0
0
0
0
0
0
0
0
0
0
0
0
0
0
0
0
0
0
0
0
0
0
0
1
9
12
12
12
13
21
12
12
11
11
12
12
12
12
14
14
14
14
12
12
10
10
10
10
0
