0
0
0
0
0
0
0
0
0
0
0
0
0
4
4
6
8
8
10
14
16
30
30
40
44
44
44
47
47
45
40
49
47
41
42
48
38
41
19
25
50
18
6
0
0
11
4
31
45
42
48
44
34
0
42
47
45
15
31
10
0
19
23
16
16
0
0
0
0
0
0
0
0
3
51
52
52
51
49
50
100
100
100
100
100
100
100
100
100
100
100
100
100
100
50
50
50
50
50
50
0
0
0
0
0
0
0
0
4
4
4
6
8
8
12
14
16
18
21
20
21
30
50
49
46
44
56
49
46
46
40
33
26
25
25
25
22
24
26
17
11
9
6
4
2
2
1
3
1
0
2
1
7
4
8
11
14
18
15
19
14
11
5
6
11
13
3
13
16
23
41
51
58
55
91
88
88
86
94
100
100
100
98
98
98
100
100
94
92
88
88
88
86
86
50
100
100
100
98
94
94
92
84
84
84
82
82
82
82
82
82
80
76
76
73
77
78
73
68
82
76
74
68
72
63
63
55
51
48
39
17
13
13
11
6
17
14
11
8
8
6
0
49
30
14
33
8
40
17
32
0
40
29
25
19
12
15
19
24
8
13
19
24
1
0
8
14
17
11
50
52
68
67
68
68
60
100
100
100
100
100
100
100
100
100
100
100
100
100
100
100
100
100
100
100
100
64
64
64
64
64
64
64
64
64
64
64
72
74
80
80
79
89
92
90
95
93
46
47
45
53
55
47
43
31
21
17
5
0
0
0
19
10
11
11
9
7
6
3
2
5
5
7
5
9
38
11
12
14
20
23
0
0
0
9
0
0
7
15
15
18
16
22
22
28
28
32
36
96
96
100
98
98
98
98
98
98
98
98
98
98
98
98
98
100
100
100
98
100
100
100
96
96
96
96
96
96
96
96
96
96
96
96
96
90
90
90
92
88
90
93
86
92
91
89
89
39
37
37
38
47
50
52
74
68
64
47
47
35
24
16
0
8
31
37
38
29
34
40
42
47
30
18
0
0
0
0
0
6
18
13
0
14
8
13
17
16
28
28
99
96
96
96
89
89
90
90
90
90
90
90
90
90
90
90
90
90
78
74
0
