0
0
0
0
0
0
0
0
16
16
16
0
0
0
32
60
60
28
0
20
40
40
72
72
70
66
86
87
87
85
74
77
71
73
74
76
44
39
25
23
40
20
8
0
11
7
22
41
49
44
20
40
34
0
46
53
47
21
43
34
23
31
57
54
54
29
39
43
22
49
35
43
75
85
83
66
70
79
81
66
68
68
68
92
92
92
92
92
92
92
92
92
92
92
100
100
100
78
78
76
98
98
98
98
98
88
88
88
82
98
98
98
82
82
98
92
92
76
75
60
83
64
62
61
82
76
72
65
62
58
52
47
42
37
33
31
30
30
30
21
11
9
6
2
0
0
0
0
0
0
0
0
0
0
0
3
6
10
13
17
20
25
29
34
39
21
49
53
58
63
53
61
62
91
71
50
72
72
94
94
94
94
94
94
94
88
88
88
88
88
88
88
60
60
60
60
44
60
60
82
82
82
82
82
82
82
60
82
96
96
96
66
66
66
65
85
94
91
88
56
74
74
72
50
67
69
67
63
60
51
29
25
21
0
0
0
12
9
8
6
4
0
47
54
28
45
20
50
23
36
0
40
29
27
21
22
25
29
34
38
43
49
54
59
45
56
90
95
93
90
96
98
99
100
74
98
98
98
98
98
98
98
98
98
98
98
98
98
74
74
74
74
74
74
96
96
96
96
96
96
96
96
96
74
84
84
84
84
84
100
100
99
99
98
96
95
93
90
87
85
83
79
71
63
49
39
13
9
29
25
21
0
10
7
5
3
5
4
3
2
3
3
5
0
9
38
11
12
14
20
23
29
30
40
55
20
54
61
71
43
58
60
66
86
86
60
60
60
60
60
66
88
88
88
88
88
88
88
88
88
88
88
82
82
82
82
82
82
82
84
100
100
100
84
62
92
92
92
92
92
100
84
84
84
84
84
84
84
84
82
81
92
92
91
89
89
87
85
81
78
69
70
70
40
34
52
59
57
53
24
20
0
10
27
23
42
31
36
40
42
47
4
22
9
13
0
0
9
20
32
31
20
22
22
49
57
88
88
88
89
90
90
90
55
55
28
50
74
96
96
96
96
96
96
96
96
96
52
28
0
