0
0
0
0
0
0
0
0
0
20
20
40
40
60
60
80
100
100
100
100
100
100
100
98
96
94
92
93
93
91
86
89
83
57
78
60
72
47
37
15
32
12
20
9
23
41
34
61
69
56
52
50
44
7
56
63
57
31
33
24
0
23
7
24
24
5
0
3
6
31
59
67
75
85
83
88
92
95
97
98
100
100
100
100
100
100
100
80
60
60
40
40
40
20
0
0
0
0
0
0
20
20
40
40
60
80
100
100
100
100
100
100
100
100
100
100
100
100
99
98
95
92
90
85
62
76
52
65
42
38
32
27
42
37
33
31
30
30
30
21
11
9
6
4
2
2
1
3
1
1
4
3
9
6
0
0
0
0
0
0
0
0
0
4
9
13
19
23
28
53
67
95
96
77
99
80
100
80
100
100
100
100
100
100
100
100
100
100
100
100
100
100
100
80
80
80
80
100
80
80
80
100
80
100
100
100
100
100
100
100
100
100
100
100
99
97
98
95
92
70
84
64
82
82
53
55
73
49
46
57
35
31
27
23
20
17
14
11
10
8
6
0
49
56
10
47
2
52
25
38
2
42
33
11
25
28
31
35
40
44
49
55
60
65
73
84
90
95
93
70
96
98
99
80
80
100
100
100
80
80
80
80
80
80
80
80
80
80
80
100
100
100
100
100
80
80
100
100
80
80
100
100
100
100
100
100
100
100
100
100
100
99
99
78
96
95
93
90
87
65
63
81
73
45
31
41
37
33
29
25
21
19
16
13
11
9
7
6
5
4
5
5
7
7
9
38
11
12
0
0
23
29
30
40
55
44
56
63
73
73
88
90
76
100
100
100
100
100
80
80
100
100
100
100
100
100
100
100
100
100
100
100
100
100
100
100
100
100
100
100
100
100
100
100
80
100
100
80
100
100
100
100
100
100
100
100
100
100
100
98
97
76
96
95
93
93
91
89
85
82
87
88
48
88
82
76
61
59
55
48
44
24
34
51
47
44
33
38
44
46
51
36
26
13
17
22
18
15
46
58
57
46
72
72
87
95
98
98
98
99
80
80
80
79
79
60
60
40
40
40
40
20
0
0
0
0
0
0
0
0
