0
0
0
0
0
0
0
0
6
6
6
7
7
7
7
7
7
26
26
65
66
66
66
64
37
35
43
69
69
67
62
65
59
53
46
80
57
42
12
10
16
0
0
0
0
0
0
5
13
0
0
0
0
0
0
0
0
0
11
2
0
21
25
22
41
0
0
0
0
0
4
12
20
30
28
33
11
14
16
4
21
21
36
71
71
71
71
56
56
87
87
87
87
87
84
88
88
84
84
84
84
84
84
84
84
94
94
94
94
94
94
79
41
41
99
99
99
99
98
97
94
91
89
84
81
75
71
64
61
57
51
46
41
36
32
30
29
29
29
20
10
8
3
1
0
0
0
0
0
0
0
0
0
0
0
0
0
0
0
3
6
11
15
37
42
46
52
56
27
1
26
69
70
73
98
99
99
99
99
99
99
88
88
88
88
88
88
88
88
88
88
88
67
50
50
50
50
50
52
52
52
52
59
59
46
46
71
71
95
95
95
95
95
95
94
92
93
90
87
85
56
56
65
65
56
58
56
52
49
40
0
23
19
8
20
17
14
11
10
8
0
0
13
23
0
14
0
23
0
4
0
27
18
16
10
13
16
9
14
7
9
0
0
0
43
54
60
65
63
60
66
68
69
70
70
90
90
90
90
90
90
98
63
63
63
63
63
43
43
43
43
24
24
11
11
10
10
46
63
63
63
63
100
100
93
93
93
93
93
93
90
89
89
88
86
85
83
80
77
75
73
71
63
55
41
31
27
23
19
15
11
9
6
3
1
0
0
0
0
0
0
0
1
0
1
30
3
4
6
12
15
21
22
32
47
36
48
55
65
65
80
69
83
87
98
87
87
72
100
100
100
100
100
100
100
100
100
100
52
64
64
64
64
64
64
64
64
44
73
90
90
90
90
90
82
82
82
84
66
56
56
72
92
92
92
92
92
92
92
90
89
88
88
87
85
85
83
76
72
69
74
75
75
75
69
63
48
49
45
45
41
21
31
16
39
16
13
18
24
10
50
33
23
10
14
19
15
32
44
56
55
44
70
70
85
93
96
96
96
98
99
99
99
98
98
99
99
99
99
97
89
89
79
79
91
64
64
64
64
0
