0
0
0
0
0
0
0
0
11
11
11
11
34
34
34
34
73
73
73
73
84
84
84
82
80
78
76
77
77
75
70
81
75
69
70
72
64
59
29
0
41
21
2
0
5
23
21
24
32
19
15
21
15
0
31
38
0
4
28
44
33
47
51
48
14
0
0
0
0
3
11
14
0
7
5
14
18
21
23
24
29
34
34
72
72
72
72
67
67
67
67
67
67
60
64
64
61
61
56
86
44
44
44
70
70
70
59
59
33
33
33
33
33
33
55
62
62
62
90
89
86
83
81
73
70
64
60
53
50
46
40
35
30
29
32
30
29
29
29
20
10
8
5
2
2
2
1
0
0
0
0
0
4
0
0
0
0
4
7
12
15
0
0
0
0
3
9
0
0
3
53
61
84
85
87
88
88
88
88
59
93
93
77
77
77
77
77
77
77
76
76
58
58
58
58
58
89
89
89
89
89
89
89
89
89
89
89
53
53
70
70
48
97
97
96
94
95
92
89
87
81
81
79
79
70
72
70
66
63
54
32
28
24
21
18
15
12
0
0
0
0
0
17
24
0
15
0
21
0
7
0
10
1
0
3
20
23
27
32
1
6
12
17
22
30
41
84
89
87
84
90
92
93
94
97
97
97
97
78
78
78
78
99
99
99
99
99
98
98
98
98
98
98
98
98
98
93
75
88
88
88
88
88
88
88
88
82
82
82
82
82
44
93
92
90
89
85
82
79
77
75
55
70
62
48
38
34
30
26
22
18
18
3
13
11
9
7
6
5
4
5
5
7
7
9
38
11
12
14
20
23
0
0
0
7
29
43
50
60
60
86
85
91
95
95
95
95
95
95
95
70
74
98
98
98
98
95
95
95
95
95
95
95
95
95
95
95
95
95
95
95
95
95
39
69
100
100
100
100
100
100
100
89
89
89
89
89
72
72
96
95
94
94
93
91
91
89
87
83
80
85
86
86
86
80
74
59
57
53
46
42
22
32
49
45
42
31
36
35
37
42
30
0
12
16
21
17
34
45
57
56
45
71
71
86
94
97
97
97
98
99
99
99
98
98
99
99
99
99
99
99
99
94
94
94
94
94
90
59
0
