0
0
0
0
0
0
0
0
0
4
4
10
14
20
22
30
36
44
56
68
80
90
100
98
96
90
90
85
89
83
84
81
77
69
66
68
60
47
15
23
46
30
16
9
15
39
26
59
61
48
40
26
8
0
10
7
45
25
53
40
31
53
59
48
46
23
17
27
30
35
43
67
29
29
25
44
44
65
87
92
100
100
100
100
100
100
100
96
96
96
100
94
94
94
100
100
100
100
100
94
94
94
94
82
82
82
74
74
74
74
74
100
100
100
96
100
100
100
99
98
95
92
90
79
78
58
52
53
44
38
52
47
42
37
33
31
30
30
30
21
11
9
0
4
2
2
1
3
1
1
4
3
9
6
10
13
16
20
21
5
8
13
0
0
5
9
15
19
42
47
87
93
90
87
71
52
52
52
52
50
100
100
100
100
100
100
94
94
94
94
94
96
96
96
96
96
100
100
100
100
100
100
100
100
100
100
100
98
98
98
98
100
100
100
99
97
86
95
72
90
84
84
80
82
73
75
73
69
18
57
35
31
21
11
20
1
14
11
10
2
6
0
49
56
26
0
18
52
25
32
0
32
21
23
21
28
27
35
40
44
49
51
12
13
21
32
26
31
15
8
10
8
7
4
54
52
100
100
100
100
100
100
100
100
100
100
100
100
100
100
100
100
100
100
100
100
100
100
100
100
100
100
100
100
100
100
100
100
100
100
100
99
99
98
96
95
93
90
87
85
83
81
23
65
1
41
37
33
29
25
21
19
16
13
11
9
7
6
5
0
5
0
0
0
0
26
11
12
14
20
23
29
30
40
55
0
8
29
73
73
88
90
84
100
100
100
100
100
100
100
100
98
100
100
100
100
100
100
100
100
100
100
100
100
100
100
100
100
100
48
20
70
74
74
76
70
74
78
84
92
100
100
100
100
100
100
100
100
100
98
97
96
94
95
93
85
81
89
85
82
87
88
88
88
82
76
59
51
45
32
42
24
32
47
47
44
33
38
44
36
37
22
12
0
3
8
4
19
26
30
25
14
38
66
83
95
98
98
98
99
100
100
100
99
99
100
100
100
100
74
66
22
22
22
22
22
22
20
0
0
