0
16
16
16
16
32
16
16
0
0
0
0
0
0
0
0
24
24
24
48
48
70
70
92
90
88
86
85
85
83
76
79
67
61
78
80
72
67
37
35
52
32
20
0
7
7
22
49
57
22
50
48
20
5
54
61
33
7
51
42
31
47
67
64
24
31
25
29
38
21
29
61
69
63
61
66
70
73
75
76
52
78
78
100
100
100
98
98
98
98
98
74
100
100
100
100
98
72
88
88
88
96
96
96
80
80
82
82
66
66
92
76
92
94
94
78
78
78
93
92
89
86
84
79
76
44
66
49
20
22
38
33
28
23
19
17
16
16
0
0
0
0
2
0
0
0
0
0
0
0
0
0
0
0
2
5
8
12
15
19
16
21
25
36
35
39
45
51
56
45
73
81
88
89
53
86
86
86
86
86
86
86
86
96
96
96
96
96
96
80
64
86
86
86
86
86
86
86
76
76
76
66
90
92
92
92
92
92
90
90
90
90
90
68
67
87
88
85
82
80
74
50
82
82
51
53
7
55
52
43
21
17
13
15
12
9
6
3
0
0
0
0
39
48
22
39
14
44
0
22
2
42
33
31
25
28
31
35
0
10
41
47
52
57
65
76
82
87
75
46
82
92
85
86
86
86
94
88
88
96
96
80
82
98
98
98
98
98
90
82
82
80
88
64
64
64
64
24
24
24
24
16
40
40
56
56
56
56
56
72
72
71
55
84
82
81
79
76
73
63
69
67
29
45
31
0
25
21
0
13
0
0
0
0
7
5
3
2
1
0
1
1
3
3
5
34
7
12
14
20
23
29
30
34
49
38
34
63
73
73
88
90
96
74
100
100
100
78
94
94
94
94
94
86
86
86
86
86
86
96
96
96
90
90
100
100
100
100
98
98
98
98
98
90
90
90
96
96
98
98
98
98
82
64
64
92
92
92
92
90
95
94
94
93
91
75
57
85
81
78
83
84
84
84
62
56
57
59
55
48
44
24
34
51
47
44
0
12
34
36
41
26
16
3
7
12
8
25
44
56
55
44
70
70
85
93
96
96
96
65
72
88
88
87
87
88
88
88
88
88
88
56
40
40
66
66
50
24
24
0
