15
15
15
15
15
40
40
40
40
40
40
40
40
40
40
47
47
47
47
47
47
47
47
45
43
41
48
49
49
47
42
45
39
33
34
36
28
23
7
5
22
2
0
0
0
0
0
0
30
8
4
2
0
0
8
15
2
0
0
22
11
41
45
42
42
43
37
41
44
49
57
67
75
83
81
86
71
93
95
96
98
98
82
82
82
89
89
89
86
86
86
99
99
99
99
99
99
99
99
99
99
99
99
96
96
96
96
96
96
66
66
66
66
66
66
66
66
66
94
93
54
51
49
44
41
35
31
24
21
17
11
6
15
10
6
4
3
3
19
10
0
5
2
0
0
0
0
0
0
0
0
0
5
2
6
9
12
16
19
23
26
31
35
43
48
51
57
61
66
71
85
90
91
92
96
97
97
90
90
97
97
97
97
97
97
97
92
92
92
92
92
92
96
82
78
80
90
78
78
78
78
78
78
78
78
75
75
75
75
75
75
75
97
97
96
94
95
92
89
87
81
81
79
79
70
72
70
34
31
57
35
31
27
23
20
17
0
0
0
0
0
0
35
33
7
24
0
29
2
15
0
22
13
11
11
14
17
21
17
31
36
42
47
52
60
71
77
82
80
89
95
97
98
99
99
73
73
84
84
84
84
78
78
78
78
78
78
78
75
75
98
98
98
98
98
88
88
88
88
88
88
88
88
88
89
89
89
89
89
89
89
88
88
87
85
84
82
79
76
70
70
68
60
52
38
28
32
28
24
20
16
14
11
8
0
0
0
0
0
2
3
3
5
5
7
36
9
10
13
0
0
0
0
5
0
0
0
7
17
57
64
66
81
85
85
85
85
84
89
89
89
89
89
89
89
89
87
87
87
87
87
87
87
87
87
87
82
82
82
82
82
82
82
82
82
82
82
82
82
82
100
100
100
100
100
100
100
100
100
98
97
96
96
95
88
88
86
84
75
72
77
78
57
57
51
45
30
28
51
44
40
20
30
47
43
40
23
28
35
37
42
33
23
10
14
19
15
15
25
37
32
21
47
23
38
46
49
49
49
29
30
30
30
29
29
30
30
38
38
38
38
8
8
8
8
8
8
8
8
0
