0
0
0
0
0
20
20
20
40
40
40
40
40
40
40
40
40
40
60
60
60
100
100
98
96
94
92
93
93
71
66
89
63
77
78
80
72
67
37
35
52
32
0
9
23
1
14
61
69
56
52
50
44
7
56
43
37
0
13
4
0
23
27
24
24
25
39
23
26
31
19
27
35
45
63
88
92
95
97
98
100
100
100
100
100
100
100
100
100
80
60
60
60
60
60
40
40
40
20
0
20
20
40
40
60
80
100
100
100
100
100
100
100
100
100
100
100
100
99
98
95
92
90
85
62
76
52
65
42
38
32
27
42
37
33
31
30
30
30
21
11
9
6
4
2
2
1
3
1
1
4
3
9
0
0
0
0
0
0
0
0
0
0
0
0
0
0
3
8
13
27
35
36
17
39
20
40
40
40
100
100
100
100
100
100
100
100
100
100
100
100
100
100
100
100
100
100
100
80
80
80
80
80
20
20
40
40
40
60
60
60
80
100
100
99
97
98
95
92
90
84
84
82
82
73
75
73
69
66
57
35
31
7
23
20
0
0
11
10
8
6
0
49
56
30
47
22
52
5
38
2
42
33
11
25
28
31
15
40
44
29
35
60
65
73
84
90
95
93
90
96
98
99
80
100
100
100
100
100
100
100
100
100
100
100
80
60
60
80
100
100
100
100
100
100
100
100
100
80
100
100
100
80
100
100
100
80
100
100
100
100
99
79
78
76
95
93
90
87
85
83
81
73
45
51
41
37
13
29
25
21
0
16
13
11
9
7
6
5
4
5
5
7
7
9
38
11
12
0
0
23
29
10
40
55
44
36
63
73
73
88
70
96
80
100
100
100
100
100
100
100
100
100
100
100
100
100
100
100
100
100
80
80
80
80
80
100
100
100
100
100
100
100
100
100
100
100
100
80
100
100
80
100
100
100
100
100
100
100
98
57
96
76
95
93
93
91
89
85
82
87
88
88
68
82
76
41
59
55
48
44
24
34
51
47
24
33
18
24
26
31
16
6
0
0
2
18
35
26
58
57
26
72
72
87
95
98
98
98
79
60
60
60
59
59
60
60
60
60
60
40
40
40
20
20
20
0
0
0
0
