0
0
0
2
2
2
6
12
14
18
18
18
18
20
24
28
28
36
36
34
36
38
38
32
36
32
34
39
41
41
38
37
37
29
32
38
36
31
11
7
16
0
0
0
0
0
0
11
17
16
16
16
10
0
30
49
53
25
47
40
31
61
65
64
62
25
13
11
6
11
17
25
75
83
83
86
92
95
97
96
100
100
100
100
100
100
100
100
66
66
60
60
100
100
100
100
100
100
100
100
100
100
92
100
100
100
100
100
96
96
96
96
96
96
96
96
96
94
89
80
71
70
72
71
36
34
30
23
18
14
34
29
34
25
23
13
14
14
14
13
3
1
2
4
2
2
0
0
0
0
0
3
3
6
10
11
16
18
21
25
30
35
37
42
49
53
59
63
68
73
87
95
96
97
99
100
100
100
100
100
98
100
100
98
98
100
100
98
98
100
100
98
100
100
96
96
96
96
96
96
96
94
94
94
94
94
92
94
94
98
92
92
86
86
87
83
84
75
72
64
46
44
40
38
37
35
29
29
24
19
15
15
11
13
10
17
14
11
10
8
0
0
39
42
30
37
6
30
17
30
0
38
29
29
25
28
31
35
40
44
47
53
60
63
73
84
84
91
83
78
86
88
87
90
90
90
100
100
98
98
98
98
96
84
86
84
82
82
80
80
78
78
54
60
52
52
36
38
38
42
44
54
56
56
58
56
64
64
66
70
68
73
75
76
82
85
87
74
69
65
63
63
47
45
37
23
21
21
19
15
7
5
4
1
1
0
1
0
0
0
0
0
0
0
5
32
9
12
14
20
23
29
30
40
55
44
56
59
65
55
62
54
50
44
34
34
30
30
24
24
22
14
100
100
100
100
100
100
100
100
100
100
100
100
100
100
100
100
100
100
100
100
100
100
100
100
100
100
100
100
98
96
96
96
30
48
98
98
98
98
97
96
96
95
93
93
91
89
85
82
65
66
66
66
60
54
43
41
37
36
32
20
30
51
47
44
31
36
42
44
51
36
22
13
17
20
16
29
40
52
51
40
66
62
77
85
86
84
84
81
82
78
78
99
99
96
96
96
94
78
28
28
28
28
28
28
26
26
26
0
