7
7
25
25
25
25
25
36
36
36
36
36
48
48
48
41
41
41
41
41
43
43
43
41
39
37
35
36
36
34
29
32
26
20
21
23
33
10
0
0
9
0
0
0
0
0
0
2
10
12
27
25
0
0
1
8
0
0
0
0
0
0
14
0
7
0
0
0
0
0
0
0
8
18
0
0
3
6
8
9
11
11
11
11
11
11
11
11
11
11
20
11
11
11
11
11
5
19
19
19
19
19
19
19
21
21
21
21
28
28
28
28
28
28
28
28
14
14
13
12
9
6
4
10
7
9
37
40
37
20
23
12
5
0
0
0
12
12
12
6
8
6
0
0
0
0
1
2
0
0
3
2
6
3
7
11
14
14
19
23
30
35
38
39
44
48
54
50
67
72
86
94
95
96
98
86
86
86
86
86
86
86
86
86
86
86
97
87
87
87
87
89
87
87
85
85
85
85
99
99
99
99
99
99
99
99
99
99
99
99
99
99
99
87
86
84
85
82
50
61
61
61
59
40
42
29
27
18
32
37
15
11
21
17
14
0
3
0
5
3
1
0
38
45
19
36
11
45
18
31
0
35
26
24
18
28
31
35
36
40
45
37
42
47
59
67
82
87
85
82
88
90
91
92
92
92
98
98
98
98
80
80
97
97
97
97
99
99
99
99
99
99
99
99
98
98
94
97
97
97
89
98
98
98
98
95
95
97
97
74
74
60
60
47
46
45
69
66
63
61
77
75
67
43
29
20
23
27
28
24
20
19
16
13
11
9
7
6
5
4
5
0
1
1
3
24
0
0
0
4
22
28
29
35
50
39
46
63
73
73
77
89
95
99
99
99
99
99
99
87
87
77
100
100
100
100
97
91
91
91
91
91
89
89
91
91
91
91
96
96
89
89
96
96
96
96
96
96
96
84
84
84
84
89
89
97
97
97
97
95
94
83
81
61
59
59
65
66
80
78
83
67
67
67
78
76
61
59
55
48
44
14
24
41
45
42
31
36
42
44
49
34
24
13
15
20
14
30
46
58
57
46
65
65
78
65
62
62
61
71
72
83
99
98
98
99
99
99
100
100
100
100
99
99
99
99
86
86
83
0
