%ScheduledJobNum workload ScheduledRevenue UsedGreenEnergy UsedBrownEnergy UsedBrownEnergyCost RunningTime
1.06846024637544 67.8033715705139 0.56980870702207 162.199822283498 168.102616315847 0.578239361826773 1.4762340600535 
1.49111981068255 92.6997850999935 0.852418258788749 258.851014187626 258.189130853537 0.763700547482506 0.808696498171984 
2.04864773692718 97.5582602225634 0.978024705764445 306.269854622538 302.845906262636 0.982866255785644 0.836730318192283 
2.07403982170257 116.369560600614 0.681013057718111 236.704279737968 269.208766392795 0.758223486644423 0.869429772974085 
2.69994547007061 113.463987982422 0.658168181697666 146.368485092338 167.471510008578 0.599609289146354 0.843633653315649 
2.78321547565021 207.13500448877 0.766919323908417 132.674620678539 200.420744154898 0.680152244192386 1.06577500558232 
3.69827113574863 343.426221729104 0.875129091042325 105.656929819634 310.371627911791 1.2301978125916 0.807362893181011 
3.41702426915477 346.096772861403 0.870800219625015 88.0352414204981 314.31289035338 1.13198606730435 0.451596213352974 
3.60471735905398 295.596871728834 0.816035507278558 52.8808668226189 273.665951422557 0.903864752379113 1.00722938881189 
4.13838279469329 403.136778793401 0.930544269090691 90.5874830645783 366.195881101837 1.35894696357587 0.312596957833284 
3.17825339209907 364.3464863468 0.832690133906125 63.3723964304231 344.197341127457 1.20803537054517 0.229959958738349 
2.73937571792751 341.437933610819 0.809635567246361 46.4801158660292 333.502171423571 1.16360232461761 0.264569884400039 
3.44695766367061 339.693930061819 0.806851899394253 38.6234500409917 322.563143099581 1.13466234048719 0.675047066513094 
3.21041382122836 219.375247767503 0.488373940491461 20.3778479823494 215.789167153566 0.750610879174846 0.176907153380743 
3.08202459713339 179.105184292418 0.431981308459023 15.409318894709 179.503513575023 0.591364952866024 0.136423122819177 
