0
0
0
0
0
6
6
14
14
14
14
16
16
18
20
20
20
20
22
22
22
22
22
22
22
18
18
13
17
17
14
15
17
13
16
18
16
13
0
0
10
0
0
0
0
0
0
13
17
12
6
6
0
0
6
17
13
0
3
42
25
55
57
54
54
35
29
33
38
33
41
67
73
83
83
88
90
93
97
98
100
100
100
100
98
100
100
98
100
100
100
94
92
100
98
100
98
100
96
96
96
96
96
96
96
96
96
48
50
50
52
40
36
28
26
20
16
12
13
14
13
18
18
17
18
16
16
15
10
10
8
5
6
5
3
5
6
6
4
0
0
0
0
0
0
2
1
0
0
0
0
1
5
4
10
13
16
20
23
27
30
35
39
44
49
33
35
39
42
43
51
55
56
51
49
46
46
50
52
48
50
50
50
56
56
26
30
32
30
30
30
28
24
24
32
32
30
28
28
32
30
30
32
26
30
34
30
28
36
40
42
46
56
62
57
57
62
57
56
50
48
52
54
54
45
43
41
37
34
33
31
25
13
7
2
0
0
0
0
0
0
0
19
30
18
35
18
46
25
26
2
40
33
27
19
20
17
21
26
30
33
39
44
65
73
84
90
95
93
90
72
74
71
72
76
76
74
76
76
76
76
80
80
80
68
70
62
66
52
56
48
48
48
52
48
48
48
48
48
54
56
58
64
64
62
60
60
58
58
54
54
39
37
38
38
39
41
38
37
35
31
27
27
27
25
23
23
23
21
21
19
13
14
9
7
5
1
2
1
0
3
1
3
5
9
36
11
12
14
20
23
29
28
40
55
44
54
63
73
69
84
82
74
68
52
44
38
42
42
42
40
38
100
100
98
98
98
98
100
100
100
100
100
100
100
100
100
100
100
100
100
100
46
46
46
38
36
32
32
32
34
40
40
44
56
56
62
82
86
90
93
94
82
81
79
83
83
77
73
70
77
72
76
76
70
66
49
47
43
40
30
12
34
51
47
44
33
38
44
46
51
36
26
9
9
14
8
21
28
34
33
20
36
32
45
31
32
30
28
99
94
94
94
93
93
92
92
92
92
92
92
92
80
80
80
76
76
74
72
0
