0
0
24
24
24
40
40
88
72
72
72
72
96
72
72
72
72
72
72
72
24
24
24
0
18
16
14
15
15
13
8
11
21
15
16
0
10
35
5
3
20
0
4
0
7
9
2
7
0
2
0
18
12
0
2
9
3
0
15
30
19
43
47
44
50
31
25
29
32
37
45
53
37
51
49
30
34
37
39
50
52
52
52
52
100
100
100
100
100
86
86
86
86
86
100
100
100
98
64
64
48
48
48
40
40
18
0
0
44
44
44
44
60
60
60
44
44
66
65
20
17
38
36
53
50
44
16
65
40
36
40
35
30
19
11
25
24
24
8
0
0
0
0
0
0
0
0
0
0
0
0
0
0
0
10
3
6
10
13
17
20
25
29
24
29
45
51
55
68
73
87
95
86
85
87
88
94
98
98
70
98
98
98
98
98
98
98
98
98
98
98
98
88
88
88
88
88
86
92
92
76
76
90
90
90
98
82
82
82
82
100
100
100
72
71
91
92
89
86
84
54
54
58
80
55
51
49
45
20
11
21
1
23
19
16
0
0
0
0
0
0
0
49
56
0
9
0
34
23
36
0
42
27
25
11
22
25
29
34
22
49
55
60
57
65
60
90
95
93
90
92
94
95
98
98
50
94
94
94
94
94
94
94
94
94
90
90
98
98
98
98
88
96
96
96
96
96
96
96
96
96
80
94
94
94
94
94
72
72
72
72
87
87
82
90
89
87
84
81
79
77
75
47
53
39
31
27
23
0
13
9
7
4
1
0
0
0
0
0
0
3
3
5
5
7
20
9
10
12
2
5
27
28
38
41
30
42
59
69
69
76
78
84
88
88
88
88
88
100
100
100
56
96
96
80
80
92
92
92
96
96
100
100
100
100
100
100
100
100
100
100
100
84
94
94
94
76
76
100
100
100
100
100
100
100
76
76
94
94
92
91
90
90
89
87
71
89
87
83
80
85
86
58
84
78
46
43
57
53
40
36
16
32
49
45
42
31
36
38
40
45
30
20
7
11
16
12
23
34
46
45
34
60
60
75
95
98
98
82
83
90
90
90
89
89
94
94
94
90
90
100
100
100
100
100
94
94
94
78
0
