0
0
0
0
0
0
10
10
10
10
10
10
10
10
0
0
0
0
0
0
0
0
0
0
0
0
0
4
4
2
35
38
56
50
51
53
45
40
0
0
11
0
0
0
0
0
0
9
17
4
0
0
0
0
4
11
5
8
30
14
3
33
39
47
47
30
24
28
20
25
33
41
49
67
75
80
84
87
89
90
92
92
92
92
92
92
92
82
82
100
100
100
100
100
100
100
90
90
90
70
95
95
95
95
95
95
95
95
84
76
59
96
96
69
69
69
69
69
68
67
64
32
21
16
13
46
42
35
61
57
51
46
41
36
32
30
29
29
29
20
10
8
5
3
1
1
0
2
0
0
0
0
5
2
6
9
12
11
14
18
21
26
30
35
40
44
50
54
59
50
64
72
73
74
76
85
85
85
85
85
99
99
99
99
99
76
76
78
78
70
70
95
96
96
96
96
96
97
97
97
97
97
97
97
97
97
97
90
90
90
73
73
63
63
55
53
54
57
54
52
56
77
73
73
11
13
66
62
59
57
35
31
27
23
20
17
14
11
10
8
6
0
49
56
30
47
22
52
19
32
0
36
27
10
4
7
30
34
39
43
48
54
57
62
70
50
56
40
38
28
34
72
73
74
74
74
99
99
99
99
99
99
99
99
99
86
86
86
86
86
86
98
98
95
95
95
95
95
95
95
95
95
95
85
85
85
85
85
85
82
69
68
87
86
36
35
33
50
47
82
80
78
70
62
48
38
34
30
26
22
18
16
13
10
8
6
4
3
2
1
2
2
4
4
6
38
11
12
14
20
23
29
16
7
22
11
23
60
68
68
63
65
71
53
53
53
81
81
81
79
79
79
96
96
96
96
96
96
96
96
96
96
96
78
94
94
94
94
99
99
99
99
99
99
99
89
89
81
81
81
81
81
73
92
92
92
92
92
99
97
96
95
95
94
92
92
90
88
84
81
86
87
87
87
81
75
60
58
53
46
26
6
16
33
29
26
15
20
26
28
33
18
8
10
14
19
17
34
45
57
57
14
40
40
39
67
97
97
98
98
83
88
88
91
91
92
92
92
99
95
95
95
95
97
97
97
90
90
56
0
