16
38
54
54
54
54
54
54
70
92
92
60
60
68
100
100
100
96
96
96
88
88
88
86
84
82
76
77
89
71
66
89
83
59
60
58
72
47
19
35
52
32
20
9
3
27
20
31
39
26
44
42
36
0
48
61
55
29
51
42
31
61
65
62
40
21
31
35
38
43
29
49
51
61
43
48
74
87
89
90
70
48
48
48
100
100
100
100
96
96
96
96
96
96
98
68
68
78
78
78
78
78
100
100
100
100
100
100
90
90
90
90
90
90
100
100
100
100
99
98
79
86
84
79
44
68
64
57
32
54
48
43
38
33
29
21
20
20
4
19
9
7
4
2
0
0
0
1
0
0
0
0
0
0
0
3
6
10
13
17
20
25
29
34
39
43
47
57
62
67
81
89
90
91
93
94
94
94
94
94
94
94
94
94
94
94
88
88
88
88
98
98
98
98
98
98
98
98
98
76
76
88
88
88
92
92
92
92
92
92
92
92
92
92
91
89
90
87
84
82
78
78
76
36
51
53
51
43
40
31
35
31
27
23
20
17
8
5
4
2
0
0
15
22
22
39
14
52
25
38
0
40
31
29
23
26
5
35
40
44
49
55
60
65
73
82
88
93
91
88
94
74
75
76
76
54
82
82
82
82
82
82
82
82
82
82
82
82
82
82
98
98
98
98
98
98
98
98
98
76
76
76
76
76
98
98
98
76
98
98
98
97
97
96
88
87
85
82
79
77
75
73
65
57
43
33
29
31
27
23
19
15
12
3
1
0
0
0
0
0
0
0
0
0
0
18
9
10
12
0
21
27
28
38
53
42
54
61
71
71
86
88
94
98
98
98
82
82
82
82
82
74
96
96
96
96
96
96
96
96
96
96
96
96
96
96
96
90
90
90
86
86
86
86
86
86
86
86
86
86
86
98
98
98
90
90
90
90
90
88
65
64
86
85
89
89
87
89
85
60
31
26
62
62
56
72
57
55
51
26
44
24
18
35
31
28
17
22
28
36
25
10
0
0
0
2
0
15
26
38
37
26
52
52
67
75
78
78
78
79
80
80
76
75
75
76
76
48
92
92
90
90
90
66
88
88
88
44
44
0
