24
54
54
54
54
86
86
86
92
92
92
68
68
92
92
92
98
98
98
92
92
92
92
90
74
72
46
51
57
55
50
53
47
41
42
28
44
39
31
29
46
26
10
0
13
31
24
27
35
22
0
0
0
0
0
7
1
0
19
10
0
25
29
32
32
9
29
33
0
1
9
17
25
11
9
14
18
21
23
24
26
0
0
0
0
0
0
0
0
0
0
0
0
0
0
0
16
16
16
0
16
16
16
0
0
0
0
0
44
44
44
44
44
44
44
44
44
44
43
20
17
30
6
17
0
14
10
3
16
12
6
1
0
29
9
7
16
16
16
0
0
0
0
0
0
0
0
0
0
0
0
0
5
0
0
0
4
8
11
19
22
27
37
42
47
51
57
63
68
73
81
89
90
97
99
100
100
78
68
68
98
98
98
90
90
90
90
90
84
82
82
88
88
88
88
88
96
96
96
98
98
98
98
98
82
82
82
96
96
94
94
94
94
94
93
91
92
69
66
42
84
84
82
82
73
75
73
61
58
49
27
7
19
15
12
13
10
7
0
2
0
0
31
54
26
43
2
32
23
12
0
36
33
31
25
22
25
31
20
36
43
49
54
59
67
78
84
91
89
88
94
96
97
98
50
26
94
94
94
94
94
92
92
92
92
92
96
96
96
80
100
100
100
100
100
94
94
94
100
98
98
98
96
96
96
96
96
72
72
94
98
97
97
92
96
95
93
62
83
81
79
77
69
27
13
27
23
19
15
11
21
19
16
0
5
3
1
0
0
0
0
0
0
0
0
26
7
8
10
16
19
25
26
36
51
30
56
63
67
67
82
76
82
86
86
88
96
96
96
96
72
48
98
98
98
98
98
90
90
98
98
98
98
98
98
98
96
96
96
80
88
96
96
88
88
88
88
88
98
98
98
98
82
82
90
90
90
64
88
88
87
96
96
95
93
93
91
63
73
70
75
76
76
76
70
62
47
45
41
18
36
16
26
43
39
14
3
24
30
32
27
28
18
5
9
14
10
27
44
56
55
28
60
62
81
89
92
92
92
93
92
66
94
93
93
94
94
98
98
98
98
98
98
98
98
98
88
88
88
0
