0
0
0
0
0
0
0
0
0
0
0
0
0
0
0
0
0
0
0
0
0
0
0
0
0
0
0
0
0
0
2
1
2
3
3
3
4
5
10
10
7
10
12
14
12
9
0
0
0
0
0
0
0
14
7
6
7
11
7
9
10
5
5
5
5
8
9
9
8
7
6
5
4
2
2
2
1
0
0
0
0
0
0
0
0
0
0
0
0
0
0
0
0
0
0
0
0
0
0
0
0
0
0
0
0
0
0
0
0
0
0
0
0
0
0
0
0
0
0
0
0
1
1
2
2
3
4
5
6
6
7
8
9
10
10
11
11
11
11
12
14
14
15
15
15
15
15
15
15
15
15
15
14
15
14
13
13
12
12
11
11
10
9
9
8
7
6
5
5
4
2
0
0
0
0
0
0
0
0
0
0
0
0
0
0
0
0
0
0
0
0
0
0
0
0
0
0
0
0
0
0
0
0
0
0
0
0
0
0
0
0
0
0
0
0
0
0
0
1
1
2
2
2
2
4
4
4
5
0
0
0
0
0
0
12
13
13
14
14
14
15
16
0
7
11
8
12
7
12
9
15
9
10
11
12
11
11
10
9
9
8
7
6
5
4
2
1
0
1
1
0
0
0
0
0
0
0
0
0
0
0
0
0
0
0
0
0
0
0
0
0
0
0
0
0
0
0
0
0
0
0
0
0
0
0
0
0
0
0
0
0
0
0
0
0
0
0
0
0
2
2
3
4
5
7
9
10
10
11
12
12
13
13
13
14
14
14
15
15
15
15
15
15
14
14
10
14
14
13
12
12
11
11
9
7
9
7
5
4
4
2
1
0
0
0
0
0
0
0
0
0
0
0
0
0
0
0
0
0
0
0
0
0
0
0
0
0
0
0
0
0
0
0
0
0
0
0
0
0
0
0
0
0
0
0
0
0
0
0
0
0
0
0
0
1
1
1
1
0
0
0
0
2
2
2
3
6
6
7
8
9
12
10
7
8
9
10
9
0
0
0
10
11
13
13
12
13
10
8
6
7
8
4
4
2
0
0
0
0
0
0
0
0
0
0
0
0
0
0
0
0
0
0
0
0
0
0
0
0
0
