0
0
18
36
36
36
36
47
47
29
29
29
41
41
41
41
49
49
68
68
68
68
49
47
45
43
59
60
60
58
45
55
49
43
44
28
44
21
0
0
19
0
0
0
0
0
0
7
15
2
0
15
9
0
10
29
20
13
37
9
0
28
49
29
31
12
6
0
0
0
7
15
23
14
12
5
9
9
11
12
14
14
14
14
14
14
14
14
14
14
23
14
14
14
32
32
21
50
50
47
47
47
47
47
49
49
49
49
49
49
49
49
49
49
49
49
35
35
34
33
30
27
35
30
35
35
44
47
44
55
46
28
32
27
23
21
5
5
5
10
10
8
0
4
2
2
0
0
0
0
0
0
1
0
2
5
8
12
15
24
27
34
39
43
48
52
58
56
61
71
85
93
94
95
79
80
83
83
84
84
99
99
99
99
99
98
98
98
88
88
88
88
88
88
88
88
85
97
97
97
97
97
97
87
87
87
87
87
95
95
81
81
81
81
88
86
87
87
80
78
76
76
76
68
55
57
21
24
21
26
22
24
18
12
9
0
0
6
5
3
0
0
28
35
23
40
15
45
18
31
0
35
26
24
25
28
31
35
40
44
49
47
42
62
71
82
90
95
93
90
96
98
99
100
81
62
97
97
97
97
97
97
97
97
96
96
96
90
90
100
100
100
100
100
100
100
100
100
100
100
100
100
97
96
96
96
99
96
85
77
77
76
76
68
66
70
85
67
64
59
71
57
41
22
21
19
14
27
23
19
15
16
13
10
8
6
4
3
2
1
2
2
4
4
5
36
9
10
12
11
22
28
29
39
45
39
53
60
53
53
54
51
38
35
35
35
17
17
17
17
17
23
94
94
99
99
99
99
99
96
96
96
94
94
94
100
100
98
98
98
98
98
98
98
98
98
98
98
98
98
98
98
98
88
88
97
97
97
97
95
94
93
81
61
58
58
64
53
55
43
60
61
76
66
72
66
51
49
45
38
34
15
33
50
46
43
32
37
43
45
50
36
26
13
17
22
18
35
37
52
51
33
67
67
80
80
93
96
96
97
72
83
100
99
99
100
100
100
100
98
97
97
96
96
96
87
78
57
57
0
