0
0
0
0
0
0
0
0
0
0
0
0
0
20
20
40
40
40
40
60
60
60
60
78
76
74
72
73
73
71
66
69
63
77
78
80
72
47
17
15
32
12
0
0
3
21
14
41
49
56
52
50
44
7
56
63
57
31
53
44
33
63
67
64
64
45
39
23
26
31
39
27
35
25
23
28
32
35
37
38
40
20
20
20
100
100
100
100
100
100
100
100
100
100
100
100
100
100
100
100
100
100
100
100
100
100
100
100
40
40
40
20
20
20
20
20
20
20
39
38
55
52
50
45
42
36
52
45
42
58
52
47
22
17
13
11
10
10
10
1
11
9
6
4
0
0
1
3
1
1
4
3
9
6
10
13
16
20
23
27
30
35
39
44
49
53
39
43
48
53
47
55
56
57
39
40
40
20
20
40
80
80
80
80
80
80
80
80
60
60
60
80
80
80
80
80
80
80
100
100
100
100
100
80
80
80
80
80
80
80
80
80
80
80
79
97
98
95
92
90
84
84
62
62
73
75
73
69
46
37
15
11
7
3
0
0
0
11
10
0
0
0
29
36
10
27
2
32
25
38
2
42
33
31
25
28
31
35
40
44
49
55
60
65
73
84
90
95
93
90
96
98
79
80
80
100
100
100
100
100
100
100
100
100
100
100
100
80
100
100
100
100
100
100
100
100
100
100
100
100
100
100
100
100
100
100
100
100
100
100
100
99
79
78
76
75
73
90
87
85
83
81
73
45
11
1
17
13
9
5
1
19
16
0
0
0
7
6
5
4
5
5
7
7
9
38
11
12
14
20
23
29
30
40
55
44
56
63
73
73
88
90
96
100
100
80
100
100
100
100
100
100
100
100
100
100
100
100
100
100
100
100
100
100
100
100
100
100
100
100
80
80
80
80
80
80
80
80
60
60
60
60
60
60
60
60
60
80
60
58
57
56
56
55
53
53
31
29
25
42
67
68
68
68
62
56
41
19
35
28
44
4
14
31
47
44
33
38
44
46
51
36
26
13
17
22
18
35
46
58
57
46
52
52
47
55
98
98
78
79
80
80
80
79
79
80
80
60
40
40
40
40
40
40
40
40
40
40
40
40
