0
12
31
31
31
31
32
32
32
32
33
48
60
63
63
63
63
63
63
64
63
45
45
60
55
53
51
64
49
47
42
32
39
37
38
40
41
36
31
33
50
30
18
9
22
40
33
60
67
54
50
48
42
5
49
56
51
31
53
44
30
60
64
58
58
39
33
39
42
47
55
63
74
84
69
74
59
62
64
65
60
60
60
66
66
49
49
56
62
55
55
55
40
40
40
40
40
46
46
62
72
66
50
50
50
50
50
48
48
48
58
58
58
58
58
58
62
60
42
48
45
44
52
54
51
28
41
53
39
42
45
34
40
28
14
6
5
5
5
13
1
5
2
0
0
0
0
0
0
0
2
1
7
4
8
11
14
18
21
25
28
33
28
33
49
51
57
62
64
69
83
91
79
80
82
83
83
90
90
90
91
91
90
99
99
99
96
96
93
93
93
89
89
89
89
89
89
89
91
87
87
90
90
90
91
87
87
87
87
81
81
81
63
63
62
60
61
58
63
44
19
24
31
4
6
8
6
13
14
12
9
5
1
7
6
7
11
8
7
5
3
0
34
41
9
26
1
44
17
28
0
32
23
21
22
20
21
25
30
27
32
12
17
5
13
24
23
28
39
36
26
28
29
30
17
17
100
100
100
98
98
98
98
98
98
98
98
96
96
95
95
95
95
100
100
100
94
94
94
94
94
94
94
86
92
92
99
99
99
99
99
98
98
97
82
95
88
69
60
58
56
73
55
42
20
24
35
21
17
13
9
7
16
13
11
9
7
6
5
4
5
5
7
7
9
31
4
2
4
17
20
26
24
34
44
31
50
52
70
68
84
86
89
93
93
93
93
68
68
68
68
68
99
99
99
99
99
99
99
98
98
98
98
98
98
98
98
98
98
98
98
98
98
98
92
95
95
95
95
95
92
91
87
87
87
93
93
94
83
73
67
72
76
74
65
56
89
87
85
82
87
88
88
88
65
68
54
52
48
41
37
17
31
48
44
41
30
35
41
41
48
33
10
13
17
19
16
33
38
58
57
43
68
68
77
64
80
79
89
90
91
91
91
99
99
100
100
100
99
99
99
99
98
98
97
97
97
95
86
0
