20
20
40
40
60
60
60
60
60
60
60
60
60
60
60
60
60
60
60
60
60
60
60
78
56
54
52
53
33
31
26
29
23
37
38
40
32
27
17
15
32
12
0
0
3
21
14
41
49
56
32
30
24
0
36
43
37
11
33
24
13
43
27
44
44
25
19
23
26
31
39
27
35
25
23
28
32
35
37
38
40
20
20
20
40
80
80
60
60
60
60
60
60
80
80
100
100
100
100
100
100
100
100
100
100
100
100
100
80
60
60
60
60
80
80
80
80
80
79
58
55
52
70
65
62
56
72
65
62
58
52
47
42
17
13
11
10
10
10
1
11
9
6
4
2
2
1
3
1
1
4
3
9
6
10
13
16
20
23
27
30
35
39
44
49
53
59
63
68
73
67
75
76
77
59
60
60
60
60
60
100
100
100
100
100
80
80
80
60
40
40
60
60
60
60
80
80
80
80
80
80
80
80
100
80
80
80
80
80
80
80
80
80
100
99
77
78
75
72
50
64
64
62
62
53
55
73
69
46
37
15
31
27
23
20
17
14
11
10
8
6
0
49
56
10
27
2
32
5
38
2
22
13
11
5
28
31
35
40
44
49
55
60
65
73
84
90
95
93
90
96
98
99
80
60
60
100
100
100
100
100
100
100
100
100
80
80
80
100
100
100
100
100
100
100
100
100
100
100
100
60
60
80
80
80
80
80
100
100
100
100
99
99
98
96
95
93
90
87
85
83
81
73
65
51
41
17
13
9
5
1
19
16
13
11
9
7
6
5
4
5
5
7
7
9
38
11
12
14
20
23
29
30
40
55
44
56
63
73
73
68
70
76
80
80
100
100
100
100
100
100
100
100
100
100
100
100
100
100
80
80
80
80
80
80
80
80
80
80
80
100
100
100
100
100
100
100
100
100
100
100
100
100
100
100
100
100
100
100
98
97
96
96
95
93
93
91
89
85
82
87
88
88
88
82
76
61
39
55
48
44
24
34
51
47
44
33
38
24
26
31
36
26
13
17
22
18
35
46
58
57
46
52
72
87
95
98
98
98
99
100
80
80
79
79
60
60
60
60
60
60
20
20
20
20
20
20
0
0
0
