0
0
0
0
0
0
0
0
0
0
0
0
0
35
35
72
72
72
72
72
72
72
72
66
64
62
60
61
61
59
54
57
51
45
46
48
40
66
36
34
51
31
19
8
20
38
31
58
66
53
49
47
41
4
53
60
54
28
34
25
14
44
44
41
41
22
24
28
31
32
40
48
56
66
68
73
64
34
36
37
59
59
59
59
85
85
85
85
85
85
85
85
83
83
100
100
96
96
96
96
96
96
96
96
83
83
83
83
77
80
69
69
69
69
69
69
69
45
44
65
74
71
47
42
65
59
55
26
26
41
32
31
26
21
17
15
14
14
14
6
11
9
6
4
2
2
1
3
1
1
4
3
1
0
2
5
8
12
15
19
18
15
19
24
29
33
39
61
61
65
84
92
93
94
65
66
66
66
66
66
94
94
94
94
94
94
94
94
90
90
90
90
90
90
90
90
90
90
90
90
90
90
79
79
79
79
79
92
92
63
63
63
63
69
68
80
81
78
75
73
67
67
65
51
57
59
58
54
51
42
20
16
12
9
6
12
9
6
5
3
1
0
44
38
12
29
4
25
21
34
0
33
15
13
0
2
5
9
14
18
23
29
57
62
70
81
87
91
89
86
92
94
95
94
94
94
100
100
100
100
100
100
100
100
100
100
100
100
87
87
87
87
87
87
87
87
87
87
100
100
100
100
100
100
100
86
80
73
56
18
18
29
59
86
85
90
88
85
82
80
78
76
68
60
46
36
32
28
24
20
16
14
11
8
6
4
2
1
0
0
0
0
1
1
3
32
5
6
8
14
17
17
18
13
28
39
51
35
55
55
42
44
50
54
54
54
100
100
100
100
100
100
100
100
100
100
100
100
100
100
100
100
100
100
100
100
100
100
100
90
90
90
98
98
98
98
100
100
99
99
99
99
99
99
99
82
82
82
82
80
97
96
96
95
93
93
88
86
82
79
84
85
85
85
79
71
61
59
55
48
44
3
13
39
35
32
14
8
15
10
5
0
10
0
1
22
18
35
46
58
57
46
67
67
82
95
98
98
98
99
100
100
100
99
99
100
100
100
100
100
93
93
69
60
60
60
60
60
26
0
