4
6
8
8
16
20
22
26
30
38
44
48
52
52
52
56
60
64
66
68
70
68
66
66
56
54
52
53
51
45
38
41
37
39
40
38
38
37
13
9
22
6
0
0
0
15
8
31
37
38
36
30
22
0
26
33
29
0
53
44
31
63
67
64
62
45
39
43
46
33
59
67
75
85
83
88
92
93
95
96
98
100
100
100
100
100
100
100
100
100
98
98
96
96
96
96
82
80
80
80
80
78
78
78
76
72
60
60
60
62
48
52
52
52
56
66
72
76
83
82
83
82
84
83
82
76
42
35
34
28
14
5
2
0
0
17
14
16
14
7
0
0
0
0
0
0
1
3
1
1
4
3
9
6
10
13
14
16
13
15
18
15
17
16
29
35
47
51
56
67
87
95
94
95
97
86
88
96
96
100
100
100
100
100
100
98
100
100
100
100
98
98
100
100
98
98
98
98
98
100
100
96
90
90
84
84
78
78
78
78
78
78
76
74
71
61
58
93
92
90
84
84
82
82
73
75
71
69
64
57
35
31
27
23
20
11
8
5
6
8
6
0
49
56
30
47
22
52
25
38
2
42
33
31
25
28
31
35
40
44
49
55
60
65
73
38
46
55
55
56
64
68
99
100
100
100
100
100
100
100
100
100
100
100
100
100
100
96
94
92
86
84
82
82
82
78
78
78
74
64
60
60
56
56
50
96
92
90
90
80
80
79
99
98
96
95
93
90
87
85
83
81
73
65
51
41
37
33
29
25
21
19
16
13
11
9
7
6
5
4
5
5
7
7
9
38
11
12
14
20
23
29
30
40
55
44
56
63
73
73
88
90
96
100
100
100
100
100
100
100
100
100
100
100
100
100
100
100
100
100
100
100
100
100
100
100
100
100
100
100
100
100
100
100
100
100
100
100
100
100
100
50
50
50
50
50
100
100
82
80
81
80
80
91
89
91
91
89
85
82
87
88
88
88
82
76
61
59
49
46
40
20
34
41
37
36
29
38
44
46
51
36
26
13
17
22
18
35
38
46
55
46
70
70
77
85
84
84
86
99
100
100
100
99
99
100
100
100
82
82
72
70
68
66
24
20
18
14
12
0
