2
12
16
22
22
26
30
36
38
40
40
40
44
48
52
56
56
46
42
36
36
32
28
20
24
20
18
21
17
21
14
13
17
19
20
22
26
25
13
17
26
8
4
0
5
17
16
43
39
36
36
36
34
0
28
37
39
19
39
36
29
59
63
64
64
45
39
43
46
51
59
65
75
85
83
86
90
93
95
96
94
78
78
74
76
76
76
74
60
52
100
100
100
100
100
100
100
100
100
100
100
100
100
100
100
100
64
64
66
68
72
78
78
76
72
76
72
72
67
66
65
78
62
67
72
64
58
49
46
46
40
29
38
35
31
25
22
26
28
13
11
5
6
4
2
2
1
3
0
0
4
3
9
0
0
0
0
0
23
27
30
35
39
44
45
51
53
59
68
73
87
95
96
97
99
100
100
98
98
100
98
100
100
100
100
100
100
100
100
100
100
100
100
100
100
100
100
100
100
100
100
100
100
100
100
100
78
74
74
80
82
80
70
68
71
73
76
77
78
70
72
74
64
70
65
59
59
57
56
45
23
19
21
23
20
17
14
11
10
4
0
0
39
44
16
45
18
50
19
38
2
42
31
29
23
26
29
35
40
44
49
53
56
53
63
70
72
79
71
76
64
66
65
64
64
68
100
100
100
100
100
100
100
98
100
98
100
100
100
100
100
100
100
100
100
100
100
100
98
96
92
84
80
78
78
78
78
74
50
40
42
41
93
82
80
83
81
80
77
75
75
77
69
65
49
39
33
31
21
17
17
13
14
9
7
9
5
2
5
4
3
3
5
7
9
38
9
12
14
20
23
29
30
40
55
44
54
61
71
73
88
88
96
96
98
100
100
100
100
100
98
100
100
100
100
100
100
100
100
100
100
100
100
100
100
100
100
100
100
100
100
100
100
100
100
100
98
100
100
100
100
100
100
98
100
100
100
100
98
96
97
96
96
95
93
93
91
89
85
82
83
84
84
80
70
64
45
43
35
24
20
24
34
51
47
44
33
38
44
46
51
36
26
13
17
22
18
35
46
58
57
46
68
68
87
95
76
84
88
89
92
98
100
99
99
98
96
92
90
90
86
84
56
48
42
42
40
34
28
0
