2
6
6
6
6
8
14
16
18
20
24
24
24
26
28
30
30
30
30
30
36
38
38
36
40
38
30
31
35
31
30
33
35
31
32
32
36
35
9
7
18
0
0
0
0
13
6
33
35
36
30
28
14
0
20
27
21
0
9
0
0
63
67
64
62
41
35
39
42
51
57
65
73
83
81
86
78
81
83
84
86
100
96
96
92
98
98
100
100
100
100
100
100
100
100
100
100
100
100
100
100
90
90
90
90
98
98
100
100
92
88
88
88
88
88
88
88
88
87
88
87
34
32
31
32
16
16
9
10
0
0
0
0
0
0
0
0
0
0
0
0
0
0
0
0
0
0
0
0
0
0
0
0
0
10
11
14
18
21
27
30
35
39
44
49
47
53
57
62
47
61
67
68
69
99
100
100
100
100
98
100
100
100
100
100
100
100
100
100
100
100
100
100
100
98
96
96
96
96
84
70
64
60
58
54
54
54
54
54
54
54
54
54
54
49
47
48
95
92
90
84
84
82
82
73
75
73
69
66
57
35
31
27
23
20
17
14
11
10
8
6
0
49
56
28
45
20
50
23
36
0
42
33
31
25
28
31
35
40
44
49
55
26
31
39
34
40
45
43
40
46
48
49
50
50
50
100
100
100
100
100
100
94
94
94
100
100
100
100
100
100
100
100
100
100
100
100
100
100
100
100
100
100
100
100
64
64
64
64
66
66
65
65
66
66
65
65
66
63
61
61
61
59
59
9
5
5
5
5
7
5
5
6
5
3
5
5
6
5
4
3
5
3
0
0
6
0
0
0
20
19
23
20
26
39
24
32
33
43
37
52
90
92
92
92
92
92
92
92
92
92
92
100
100
100
100
100
100
100
100
100
98
98
98
98
98
98
98
98
74
74
74
66
66
66
66
66
68
68
68
68
50
50
50
50
50
100
100
100
84
83
82
82
81
79
79
77
77
73
70
75
72
72
72
66
60
45
51
53
38
34
14
24
41
37
36
29
34
40
42
51
20
10
0
1
6
2
11
16
24
23
12
38
38
3
9
8
2
2
99
96
96
96
95
95
96
96
96
96
96
96
96
96
96
96
96
96
96
96
0
