0
4
10
10
12
12
12
16
16
16
16
16
16
20
20
20
20
16
10
10
10
12
12
14
20
22
20
23
23
19
22
25
25
23
28
34
34
31
17
9
18
0
0
0
0
1
0
13
19
24
20
16
10
0
52
61
55
29
51
42
31
61
65
64
64
35
25
27
20
25
57
65
73
83
81
86
90
93
95
98
100
98
98
98
98
98
66
66
66
66
58
58
58
58
58
54
54
100
100
100
100
98
98
100
100
100
100
100
100
100
100
100
100
78
78
78
78
76
61
58
59
60
58
57
58
58
58
59
54
16
20
15
20
7
3
1
2
0
2
1
0
0
2
0
0
0
0
1
1
1
0
0
3
4
4
13
14
18
21
27
30
35
37
42
49
53
59
63
68
73
87
95
96
97
97
96
96
96
80
80
98
98
98
98
98
100
100
100
100
100
100
100
100
100
100
100
96
96
96
94
96
94
94
92
92
92
90
90
90
94
96
96
90
90
89
87
86
81
82
66
58
58
40
42
41
39
43
43
22
13
11
13
11
11
14
11
12
11
10
6
6
0
41
48
18
31
0
20
13
22
0
24
11
11
9
8
7
11
16
20
25
31
32
33
71
82
88
91
91
90
96
98
93
94
94
90
100
100
100
100
98
100
100
100
100
98
98
98
98
98
98
98
98
98
98
98
96
98
98
98
90
88
92
92
92
92
96
96
86
92
88
97
71
72
64
67
69
66
55
57
57
57
47
43
35
33
33
33
5
1
1
1
2
1
1
0
0
0
0
0
1
0
1
1
5
34
11
12
14
20
23
29
30
40
53
44
56
63
73
73
88
90
96
100
100
100
100
96
96
96
96
90
100
98
100
88
84
74
64
62
54
100
100
100
100
98
98
100
92
92
92
92
92
92
92
92
92
80
84
88
88
92
92
92
92
92
90
90
94
94
93
92
94
83
81
77
73
69
71
64
61
56
56
54
48
42
33
33
33
8
2
0
0
9
9
10
17
18
32
44
47
32
16
0
0
0
0
0
6
18
57
42
70
70
77
75
76
74
74
73
74
74
74
99
99
100
50
50
32
32
28
28
28
28
28
28
26
26
26
0
