0
0
0
0
0
0
0
0
0
0
0
0
0
0
0
7
7
7
7
7
7
7
7
5
3
1
0
0
0
0
0
0
0
0
0
0
0
0
0
0
0
0
0
0
0
0
0
0
0
1
0
0
0
0
1
0
0
0
0
0
0
0
0
0
0
0
0
0
0
0
0
0
6
14
12
17
21
5
7
8
10
42
42
42
42
42
42
39
39
39
60
60
60
60
60
60
60
60
60
60
60
60
31
31
31
31
31
31
21
21
21
21
21
21
21
21
21
21
40
39
36
33
31
41
38
11
23
16
13
34
28
23
18
13
9
7
6
6
6
0
0
0
0
0
0
0
0
0
0
0
0
0
0
0
0
0
0
3
0
3
17
22
6
14
19
53
59
38
43
32
31
39
40
46
45
60
60
60
60
60
60
60
60
62
62
57
57
57
57
43
43
43
43
43
43
43
43
43
43
43
43
32
32
32
32
32
32
65
65
65
65
65
65
65
64
62
63
60
57
55
49
49
47
47
6
8
6
2
0
0
0
0
0
0
0
0
0
0
0
0
0
0
27
34
8
25
0
30
12
25
0
20
11
9
3
6
9
13
18
22
27
33
38
34
42
53
70
75
73
70
76
78
79
80
80
80
80
82
56
56
56
56
56
56
56
58
95
95
95
95
95
95
95
95
95
95
95
95
95
95
95
69
69
69
69
69
69
54
54
54
54
65
65
71
94
93
91
88
85
83
81
79
71
63
35
0
0
0
0
0
3
1
0
0
0
0
0
0
4
0
1
0
0
0
2
13
0
0
0
0
0
4
5
15
30
19
31
38
48
50
65
71
77
81
81
81
81
81
81
81
81
81
81
81
77
77
98
98
98
98
98
98
98
98
98
98
98
83
83
83
72
86
86
86
86
86
86
86
86
86
86
86
86
86
86
86
86
86
64
62
95
94
94
93
91
91
89
80
76
79
84
85
85
85
79
73
58
56
52
45
41
21
31
48
25
22
12
17
23
25
30
15
13
0
17
22
12
28
39
51
50
39
65
65
64
78
81
69
47
48
49
49
49
31
31
32
14
60
95
95
95
95
95
95
95
95
87
87
52
44
