16
16
16
46
46
62
84
84
68
68
68
90
90
90
82
82
82
66
66
66
66
82
60
82
80
78
60
61
61
81
76
79
51
45
22
46
40
35
29
27
44
24
12
1
15
33
26
59
67
54
20
16
32
0
22
29
23
21
43
34
23
53
57
54
54
35
29
33
40
45
51
59
67
79
55
60
64
83
91
92
78
78
78
100
100
100
100
100
100
100
100
100
100
100
100
100
100
100
100
100
100
100
100
100
100
100
94
94
94
96
96
96
96
96
96
86
86
86
85
84
81
78
76
71
50
44
66
59
56
52
46
41
36
31
27
25
24
24
24
15
5
0
0
0
0
0
0
0
0
0
0
0
9
6
10
13
16
20
23
27
30
35
39
44
49
53
19
23
56
61
75
83
84
97
77
58
76
98
98
78
86
86
86
88
88
88
88
88
88
88
88
94
92
92
98
98
98
98
98
98
82
82
82
90
90
90
92
92
92
92
92
68
84
84
83
81
82
85
82
50
44
52
50
50
63
65
63
59
56
47
31
27
23
19
16
13
10
11
10
8
6
0
49
56
30
47
22
52
13
36
0
40
31
29
23
26
29
33
6
38
43
49
54
59
69
80
82
87
85
82
88
90
91
98
98
98
98
98
98
98
72
86
86
94
94
94
94
86
86
86
86
86
90
90
98
98
98
98
98
98
98
98
98
80
80
80
80
80
80
80
80
79
95
94
76
75
81
78
75
65
63
37
53
57
43
33
21
17
29
25
5
3
0
13
11
9
7
6
5
0
0
0
0
7
9
38
11
12
14
20
21
27
28
38
53
42
54
63
73
73
76
78
84
88
88
88
88
88
88
88
88
72
100
100
88
88
98
98
98
98
98
98
98
98
98
98
98
82
82
86
86
86
86
86
86
86
70
98
60
82
66
94
94
94
94
94
94
94
94
92
91
94
94
93
79
79
77
75
71
68
73
74
74
50
76
76
61
59
55
48
44
24
34
51
47
44
33
38
44
46
51
36
22
9
13
18
14
31
42
52
51
40
70
70
85
81
84
84
84
85
86
86
86
85
85
88
72
72
94
68
92
92
70
70
70
70
96
96
72
0
