0
0
0
0
68
68
68
68
68
68
68
34
34
34
34
0
0
0
0
0
0
0
0
0
0
20
18
19
19
17
12
15
25
19
20
6
0
0
0
0
34
14
2
0
5
23
0
23
31
38
12
48
26
0
44
51
45
19
41
32
15
45
49
30
62
21
15
25
28
33
29
37
67
77
75
80
84
87
89
90
70
70
70
98
98
76
82
82
82
82
82
100
100
100
100
100
100
100
72
72
72
44
44
44
0
22
44
44
22
0
0
0
0
0
46
46
46
0
0
0
0
0
16
11
30
20
46
39
36
50
44
39
34
37
33
31
14
8
8
0
0
0
0
0
0
0
0
0
0
0
0
0
0
2
6
9
10
8
11
13
16
21
27
32
37
41
31
35
50
63
77
69
70
71
95
96
96
96
96
96
82
90
90
96
88
88
88
88
96
96
96
96
96
96
96
96
90
90
90
90
90
90
90
90
90
96
96
96
96
96
96
96
96
96
95
93
72
61
88
86
80
80
78
48
39
65
63
59
58
49
35
31
27
23
0
3
0
0
0
0
0
0
35
26
16
39
14
44
23
36
0
18
9
29
23
26
29
33
38
32
37
43
48
53
61
72
78
83
81
78
84
86
87
88
66
66
88
88
88
94
94
94
94
94
94
94
94
94
94
94
94
94
94
94
94
94
96
96
96
96
96
88
88
88
88
88
88
88
88
88
98
97
97
64
84
83
81
78
75
73
71
47
39
31
39
29
25
21
17
13
9
7
0
0
0
0
0
0
0
0
0
0
0
5
7
36
0
0
2
8
11
17
18
40
55
44
56
63
73
73
88
90
96
100
100
100
100
100
72
72
50
50
84
84
84
84
84
84
100
100
100
100
100
100
100
100
100
88
88
88
88
88
88
88
88
88
88
88
88
88
88
88
88
88
88
88
88
88
88
86
85
84
84
83
81
81
79
77
73
70
53
76
76
76
48
64
27
47
43
36
32
12
22
39
35
32
21
26
32
34
39
24
14
1
5
10
6
23
34
46
45
34
60
60
75
83
86
64
64
65
88
88
88
87
87
88
88
88
88
88
88
88
66
66
66
66
66
66
66
0
