4
10
10
10
14
18
24
24
24
24
24
24
26
26
26
26
28
32
32
38
38
34
42
44
40
38
34
39
41
43
44
49
47
49
50
56
54
49
23
15
30
12
0
0
0
15
12
39
45
44
46
44
36
0
40
45
45
17
35
26
13
39
43
40
34
13
9
9
12
51
55
63
69
79
77
80
70
71
71
72
74
74
74
74
90
90
100
100
100
100
100
100
98
98
100
100
100
100
100
100
100
100
100
100
82
82
82
82
82
68
66
66
72
72
72
76
78
78
75
76
73
70
70
71
66
60
60
55
56
24
22
21
20
15
0
31
28
28
28
15
5
3
0
0
0
0
1
3
0
0
4
3
9
6
10
13
16
20
23
27
30
35
39
44
49
53
59
63
68
73
87
95
86
87
95
96
96
96
100
100
100
100
100
100
100
100
100
100
100
100
100
100
100
100
94
98
100
100
94
94
96
96
98
74
78
82
84
86
94
98
96
96
98
98
85
87
88
89
82
86
78
82
80
82
69
69
67
59
60
53
33
29
25
21
18
15
10
3
2
0
0
0
37
44
24
39
16
46
19
28
2
42
33
31
25
22
25
29
34
38
45
51
58
63
67
78
80
85
87
88
84
80
83
88
82
86
100
100
98
98
100
100
98
98
100
100
100
100
96
92
90
90
86
86
86
82
80
84
80
78
76
78
82
70
68
78
82
82
74
72
72
77
77
78
78
83
71
64
57
53
53
47
35
65
49
35
33
33
29
25
19
19
16
13
11
9
7
6
5
4
5
5
7
7
9
38
11
10
14
20
23
29
30
40
55
44
56
63
73
73
88
90
96
100
100
100
96
100
94
98
100
76
100
100
100
100
100
100
100
100
98
100
100
100
100
100
100
100
100
100
100
100
92
88
88
84
84
84
92
100
100
96
96
94
96
96
96
92
94
96
95
84
78
77
79
83
85
89
81
76
81
84
84
84
78
66
49
45
41
32
30
22
34
51
45
44
33
38
42
46
51
36
26
13
17
22
18
35
46
58
57
42
64
72
87
95
96
86
88
99
98
100
98
97
99
98
92
90
88
84
82
76
74
66
64
56
50
48
42
0
