0
0
0
0
22
22
22
0
16
16
16
16
16
16
16
0
0
0
0
0
0
0
0
0
0
0
0
0
0
0
0
0
0
0
0
28
46
25
0
0
0
0
0
0
0
33
4
31
39
42
38
36
30
0
42
49
43
31
53
44
33
47
51
48
44
25
23
27
30
35
43
51
59
69
67
80
84
87
89
90
92
92
92
92
92
92
92
92
92
92
92
92
92
92
92
92
100
100
100
100
100
100
100
78
78
78
100
100
100
78
78
72
72
94
94
94
94
94
87
86
83
80
72
51
70
70
62
55
52
2
44
39
34
29
25
23
22
16
16
7
0
0
0
2
0
0
0
0
0
0
0
0
0
0
0
0
0
0
11
15
18
23
27
32
37
41
47
51
56
61
75
91
92
93
95
96
96
66
44
44
88
88
88
88
88
88
88
88
88
88
88
88
88
88
88
88
88
88
88
88
88
88
88
88
88
88
96
96
96
96
96
88
88
88
87
85
86
83
80
78
72
72
70
70
61
41
61
57
54
45
23
19
15
5
2
0
0
0
0
0
0
0
37
44
18
35
10
40
0
4
0
30
21
19
13
16
19
23
28
32
37
43
48
53
61
50
56
61
81
86
92
94
95
96
96
74
74
74
74
74
74
74
74
74
90
90
90
96
96
96
96
96
96
96
96
96
94
94
94
94
94
94
72
72
72
94
94
94
94
72
94
93
65
64
90
89
87
84
87
85
83
81
51
47
33
23
23
19
15
11
7
5
2
0
0
0
0
0
0
0
0
0
0
0
0
24
0
0
0
6
5
11
12
22
37
26
38
45
55
55
70
72
78
82
82
82
82
82
82
100
100
100
100
96
96
96
96
96
88
88
88
88
88
88
88
88
88
88
88
88
96
96
96
96
96
96
96
96
96
88
88
88
88
88
88
88
66
66
96
94
93
92
70
63
61
61
59
63
59
56
83
84
84
84
62
56
41
39
35
28
24
4
14
9
33
30
19
24
30
32
37
22
12
0
3
8
4
17
28
12
11
0
26
26
41
19
74
74
74
75
76
76
76
75
51
52
52
52
52
52
52
52
52
52
52
52
52
52
52
0
