24
24
24
24
24
24
24
80
80
80
80
80
96
96
96
96
96
96
96
96
96
96
96
94
76
74
88
85
85
73
68
71
81
51
68
70
46
21
13
11
28
28
16
0
21
39
32
43
35
44
40
38
32
0
38
51
45
19
41
32
21
51
55
52
30
27
21
25
32
37
45
53
61
49
47
52
84
93
95
96
98
98
98
98
98
92
92
92
92
92
92
88
88
88
88
88
98
98
98
98
92
92
92
76
54
70
70
54
54
54
76
98
98
98
98
98
98
98
97
96
93
90
88
83
74
68
64
41
38
44
26
47
42
37
33
31
30
30
30
21
11
9
6
4
2
2
1
3
0
0
0
0
9
6
10
13
16
16
15
19
22
27
31
36
41
45
51
55
60
65
79
87
88
89
69
92
70
70
70
66
88
88
88
88
88
88
88
88
88
88
88
88
88
88
88
88
88
88
98
76
76
98
98
98
98
98
98
98
76
98
98
98
98
90
89
87
88
85
82
80
52
52
50
50
65
43
41
37
34
25
27
23
0
0
18
15
12
9
8
6
4
0
47
54
28
45
20
50
23
36
2
40
31
29
23
26
29
33
38
42
47
53
58
63
71
82
88
93
91
88
94
96
93
94
94
94
94
100
100
100
100
100
100
100
92
92
100
100
100
78
78
78
78
78
78
62
62
96
96
94
94
94
72
72
100
100
100
100
100
100
100
99
99
98
74
73
87
84
81
79
77
75
45
39
3
37
33
29
25
21
17
15
12
9
7
5
3
2
1
0
0
1
3
3
9
38
11
12
14
20
23
29
30
40
55
44
26
33
43
43
80
82
88
70
70
44
44
44
88
88
88
88
88
88
88
88
88
88
88
88
88
88
88
88
88
88
88
98
98
98
98
98
98
98
98
98
98
98
90
90
90
90
90
90
90
90
96
52
52
50
49
78
78
77
75
75
73
71
67
64
69
70
70
70
64
34
19
39
35
28
24
0
2
19
15
12
23
28
34
36
41
26
0
0
0
0
0
21
32
44
43
32
58
58
59
67
86
70
96
97
98
98
98
97
97
98
72
48
86
86
86
86
86
70
70
70
70
48
48
0
