0
0
0
0
0
0
0
0
0
0
0
0
0
0
0
0
0
0
0
0
0
0
0
2
4
6
7
7
7
7
7
7
16
16
16
16
16
16
30
30
30
30
38
24
24
24
26
26
26
44
45
45
45
45
44
36
29
29
29
29
29
29
29
29
29
29
29
29
29
29
39
31
25
15
17
12
8
5
3
2
0
0
0
0
0
0
0
0
0
0
0
0
0
0
0
0
0
0
0
0
0
0
0
0
0
0
0
0
0
0
0
0
0
0
0
0
0
0
1
2
5
8
10
15
18
24
28
35
38
42
48
53
58
63
67
69
70
70
70
76
76
76
76
95
95
95
95
95
83
83
83
83
83
83
83
83
83
80
76
73
70
65
61
56
51
47
41
37
32
27
13
5
4
3
1
0
0
0
0
0
0
0
0
0
0
0
0
0
0
0
0
0
0
0
0
0
0
0
0
0
0
0
0
0
0
0
0
0
0
0
0
0
0
0
1
3
2
5
8
10
16
16
18
18
27
25
27
31
33
33
62
69
73
73
69
69
69
69
78
78
78
78
51
44
70
53
78
48
75
62
87
58
67
69
75
72
69
65
60
56
51
45
40
35
27
16
10
5
7
10
4
2
1
0
0
0
0
0
0
0
0
0
0
0
0
0
0
0
0
0
0
0
0
0
0
0
0
0
0
0
0
0
0
0
0
0
0
0
0
0
0
1
1
2
4
5
7
10
13
15
17
19
27
35
49
47
47
47
47
47
79
81
82
82
82
82
82
82
95
96
95
89
89
93
91
62
75
75
75
75
75
71
70
60
45
56
44
37
27
27
12
10
4
0
0
0
0
0
0
0
0
0
0
0
0
0
0
0
0
0
0
0
0
0
0
0
0
0
0
0
0
0
0
0
0
0
0
0
0
0
0
0
0
0
0
0
0
0
0
2
3
4
4
5
7
7
9
11
15
18
13
12
12
12
18
24
39
41
45
52
56
76
66
49
53
56
67
62
56
54
49
64
74
87
83
78
82
65
54
42
43
54
28
28
13
5
2
2
2
1
0
0
0
1
1
0
0
0
0
0
0
0
0
0
0
0
0
0
0
0
