0
12
12
12
22
22
23
23
23
23
24
24
24
30
30
30
30
30
30
53
63
63
80
78
64
62
60
61
61
59
54
57
64
58
59
56
60
61
31
26
43
26
14
3
16
34
14
35
43
48
46
44
35
0
47
54
48
22
45
36
25
55
59
56
56
42
36
42
45
50
58
66
74
84
80
85
89
92
94
95
97
83
72
72
72
72
72
72
53
58
54
54
54
54
35
35
35
35
35
35
35
35
35
45
41
41
34
32
32
41
41
41
41
41
41
41
45
62
61
50
47
27
35
43
40
34
39
32
18
20
14
18
13
0
0
0
0
0
0
0
0
0
0
0
2
2
0
0
0
0
4
0
0
0
10
13
16
20
23
27
26
33
37
42
42
46
52
49
45
50
57
65
66
50
52
53
43
50
67
55
68
68
77
77
77
81
81
81
84
84
84
84
83
83
83
83
83
83
89
77
77
76
80
99
95
95
95
92
92
92
91
91
91
91
90
71
53
50
55
29
26
26
43
16
18
16
21
19
6
12
15
11
9
9
8
5
2
0
0
0
0
0
41
48
28
45
20
46
19
37
1
41
32
30
24
27
30
34
39
43
46
41
40
35
28
28
32
44
55
52
58
57
59
60
47
47
90
90
98
98
98
98
98
98
98
89
89
89
91
91
91
98
98
98
98
98
98
98
98
100
100
100
96
96
96
96
96
96
96
91
91
78
73
72
65
73
70
80
55
53
51
49
47
24
30
25
7
20
16
12
8
18
16
13
11
9
2
1
0
0
3
3
5
5
7
36
6
7
9
14
17
23
24
34
49
38
52
58
59
53
61
80
72
65
65
65
65
65
33
14
14
14
100
100
100
97
97
97
97
98
98
98
98
98
98
98
98
98
98
98
98
98
95
95
95
97
97
91
91
91
100
100
100
72
72
72
72
84
80
78
68
80
82
87
85
92
90
75
71
63
68
69
69
69
78
72
57
41
37
45
41
23
22
49
45
42
31
31
37
39
44
29
25
6
10
12
8
31
42
54
53
42
64
64
79
80
89
98
97
99
100
100
86
99
99
100
100
100
98
98
98
98
98
98
98
98
98
98
68
0
