16
16
62
70
70
94
94
94
94
94
94
94
94
96
72
72
70
70
70
70
70
86
86
84
74
72
46
47
47
67
62
65
37
31
56
42
56
35
5
3
20
0
0
0
13
7
22
53
61
42
12
32
42
5
10
17
11
13
35
26
17
57
61
56
56
37
31
35
38
43
53
61
59
69
75
80
88
91
93
70
72
42
64
100
100
98
98
98
98
98
98
98
98
98
98
100
100
100
100
100
100
100
100
68
68
54
54
54
82
92
92
76
60
60
60
60
60
60
59
14
0
0
0
7
4
0
0
0
0
0
0
21
16
11
7
0
0
0
0
0
0
0
0
0
0
0
0
0
0
0
0
1
7
4
0
0
14
0
0
27
30
35
33
16
21
33
53
57
62
67
57
51
52
53
55
56
56
56
56
56
94
94
94
94
94
94
94
94
94
94
94
94
94
94
94
94
96
96
86
86
92
92
92
70
70
48
76
78
78
100
100
100
94
94
93
91
92
89
86
64
82
82
80
80
69
69
67
63
60
51
29
19
15
11
8
5
14
11
10
8
6
0
33
40
14
31
4
18
15
32
0
36
1
29
23
4
29
33
38
42
47
53
48
53
61
72
78
83
81
78
84
94
95
96
96
68
92
92
92
92
92
92
92
92
92
92
92
96
96
96
100
100
100
100
100
100
96
96
96
96
80
40
40
56
72
72
48
48
48
48
48
71
55
54
66
77
67
64
61
75
73
71
63
55
41
29
25
29
25
21
15
13
10
7
5
3
0
0
0
0
0
0
0
0
0
4
3
4
6
12
15
21
22
32
53
42
54
57
67
67
82
84
90
94
94
94
94
94
94
94
94
94
94
94
98
98
98
92
92
92
80
100
100
100
100
94
94
94
94
92
98
98
98
98
98
98
72
100
100
100
98
82
82
92
92
92
92
92
92
90
89
88
96
95
81
81
79
77
71
68
73
74
72
72
68
46
47
45
41
36
32
12
22
39
35
16
21
26
24
26
47
16
6
9
13
18
12
35
24
46
45
34
60
60
85
93
96
98
66
67
94
94
94
91
91
92
92
92
92
86
86
86
78
78
78
78
78
62
16
0
