0
0
2
2
2
10
10
14
14
18
20
20
22
22
24
26
30
32
32
32
40
40
38
36
40
30
28
27
31
27
22
29
21
19
20
20
10
5
0
0
0
0
0
0
0
0
0
0
1
0
2
0
0
0
12
21
21
0
13
2
0
63
67
64
62
43
37
41
46
41
41
47
55
65
83
88
86
87
89
90
92
50
74
76
76
76
92
100
100
96
96
96
96
96
96
96
96
96
96
100
98
96
72
70
70
70
54
56
52
52
52
52
52
52
32
32
30
26
25
84
81
82
74
71
72
72
72
57
54
50
44
39
34
29
25
23
22
22
22
0
0
0
0
0
0
0
0
0
0
0
0
0
5
2
6
13
16
20
23
25
28
31
33
40
45
43
49
53
56
61
73
77
74
75
77
78
78
78
78
56
86
82
80
78
76
80
78
82
84
84
84
84
84
84
84
82
88
88
92
66
26
34
36
34
36
36
34
32
34
42
42
42
42
46
47
45
40
47
46
54
48
40
40
44
33
35
33
31
28
23
23
23
21
15
14
11
8
0
0
0
0
0
25
32
22
37
20
46
23
28
0
16
5
1
0
0
0
3
8
8
13
19
24
23
15
22
22
29
19
12
6
8
11
12
12
16
20
16
20
20
20
20
24
26
26
26
22
20
20
24
26
26
24
24
24
24
24
26
22
22
22
22
18
20
20
20
20
24
28
24
22
23
23
24
22
19
13
10
11
11
13
13
13
13
13
3
0
0
0
0
0
0
0
0
11
7
5
4
1
0
1
1
7
7
9
38
11
12
14
20
23
29
30
40
15
4
16
21
33
33
48
48
96
94
94
94
94
94
94
94
94
94
100
100
100
100
100
100
100
98
100
100
98
100
100
100
100
100
100
100
100
100
94
94
90
90
90
90
90
94
94
94
94
86
76
80
80
82
82
80
33
36
36
43
35
35
33
31
73
66
67
70
70
70
64
54
41
39
45
42
38
16
26
35
31
28
17
22
44
46
51
34
24
11
13
18
12
27
38
50
49
38
64
64
79
87
90
90
40
99
98
98
96
95
95
96
96
96
86
82
78
78
76
76
76
76
76
76
60
0
