34
50
74
74
74
90
74
98
82
82
82
82
82
82
82
82
82
82
82
82
58
58
58
56
54
76
72
39
39
37
32
35
29
23
24
26
44
39
9
29
46
26
14
3
17
35
28
55
41
28
24
12
6
0
2
9
3
0
0
14
19
27
31
28
52
33
27
31
36
41
49
57
67
77
59
40
68
71
73
74
76
52
52
52
94
94
94
84
84
82
82
82
82
82
98
98
80
64
38
38
16
16
16
34
34
50
32
16
22
22
22
22
22
22
22
22
22
44
43
36
33
30
28
61
58
52
48
57
54
50
38
33
28
23
13
11
26
10
10
11
1
0
0
0
0
0
0
0
0
0
0
0
5
2
0
0
0
16
19
23
22
27
31
36
41
45
43
47
68
73
87
55
86
87
89
88
88
88
50
76
98
96
94
94
100
100
100
76
76
90
90
90
92
92
98
88
88
88
96
90
84
84
84
82
82
82
66
66
68
90
90
74
96
94
93
91
70
67
64
84
78
78
76
76
61
63
61
57
32
11
27
23
19
15
12
0
0
0
0
0
0
0
47
38
2
43
16
46
19
32
0
12
19
17
11
0
19
31
36
40
45
51
56
61
53
64
78
67
89
86
92
92
93
96
96
96
92
94
94
94
94
94
92
92
92
90
88
94
94
94
86
78
94
94
94
94
94
100
94
94
94
78
86
94
94
94
94
70
66
50
76
75
75
76
74
73
71
84
81
69
67
65
37
29
37
27
13
25
29
9
5
3
16
13
11
9
7
6
5
4
5
0
0
0
1
6
11
12
14
20
23
29
30
40
55
44
56
51
61
61
76
78
84
88
88
88
80
100
96
96
96
68
96
96
96
96
96
96
96
84
88
88
88
100
100
100
100
100
100
100
100
100
100
100
84
84
82
100
100
100
98
98
98
98
96
96
96
96
96
96
95
94
96
89
87
87
89
87
83
80
85
86
86
86
64
58
43
57
53
40
36
16
26
43
35
32
21
26
44
46
51
36
26
13
17
22
18
23
34
46
45
34
70
70
69
63
88
90
90
91
92
92
94
93
93
94
94
94
94
94
94
94
94
94
90
90
90
90
90
0
