2
4
8
10
18
20
20
20
20
24
28
28
28
28
28
28
28
32
36
36
42
40
36
38
28
26
28
29
29
27
20
27
29
33
38
44
42
37
11
9
22
2
0
0
0
7
0
29
37
38
36
32
28
0
28
31
57
31
53
44
29
59
63
64
64
45
39
43
46
51
57
67
75
85
83
88
54
55
55
56
58
58
58
52
52
100
100
100
100
90
90
86
82
82
82
82
82
82
82
82
82
80
80
80
80
78
78
76
76
68
66
66
64
88
88
88
90
90
89
90
81
78
76
75
76
26
24
23
24
24
18
13
6
3
1
1
0
20
22
11
1
3
4
2
2
2
1
1
1
0
2
3
9
6
8
13
16
12
17
21
24
25
37
44
49
53
57
63
64
73
87
95
96
81
81
82
80
72
72
72
100
100
100
98
100
100
98
98
100
100
100
98
98
96
96
98
100
98
98
98
100
100
98
94
90
84
82
78
76
72
72
74
74
68
67
59
58
59
60
62
36
40
32
38
27
29
27
25
20
9
1
1
1
1
0
1
0
0
0
0
0
0
35
38
22
43
18
46
19
32
2
40
33
29
25
28
31
35
40
42
47
53
60
63
61
62
66
71
65
62
60
56
61
64
68
72
100
100
98
100
100
100
100
100
100
100
98
96
94
94
92
92
82
76
70
62
34
30
28
32
30
32
76
78
78
78
80
80
82
88
76
75
75
82
78
83
81
78
75
67
65
65
13
3
0
0
37
33
27
23
19
17
14
11
9
7
5
4
1
0
5
3
7
7
7
38
11
12
14
18
21
27
28
38
53
40
52
59
69
67
78
78
80
88
86
90
60
64
66
62
66
66
100
98
98
98
98
98
98
98
98
98
100
100
100
100
100
96
94
94
90
90
64
58
58
54
54
54
54
54
54
54
48
44
38
50
100
100
100
98
97
96
96
95
93
93
91
89
85
82
87
88
88
88
82
76
53
59
55
48
44
24
34
51
47
44
33
38
44
46
51
36
26
13
17
22
16
29
40
56
57
46
70
72
55
67
70
76
76
99
98
98
98
97
97
98
90
86
88
84
82
82
78
54
34
30
30
24
22
0
