0
0
20
20
40
40
40
40
40
50
60
70
90
110
120
130
140
150
150
170
180
190
200
210
220
220
210
210
200
220
220
230
240
240
240
260
240
220
230
230
230
230
240
220
220
210
210
200
200
230
220
220
240
360
450
590
590
630
650
620
630
670
650
640
640
640
630
630
640
650
660
660
660
630
650
670
650
540
450
320
310
270
330
340
340
300
370
540
560
570
580
580
570
560
540
560
560
570
560
550
540
510
510
490
490
520
430
430
440
450
390
240
210
200
190
210
220
220
220
220
210
210
210
210
210
210
220
230
230
200
200
190
190
190
190
180
190
180
180
170
160
170
170
150
170
180
190
190
200
220
230
220
220
230
250
250
230
230
240
230
230
230
250
250
250
240
240
260
240
230
230
240
230
220
210
220
220
200
220
230
230
240
220
230
220
250
230
230
230
240
260
250
260
260
250
250
270
260
250
250
250
260
250
240
250
240
240
240
260
240
260
260
250
240
240
260
260
250
250
230
230
250
270
260
260
250
230
240
240
250
250
250
230
220
200
210
210
210
190
160
150
170
160
160
150
130
130
160
160
160
150
150
150
150
160
150
160
160
170
160
170
170
180
180
200
190
200
220
210
220
200
170
190
190
190
180
180
170
170
180
180
200
200
200
190
210
210
220
210
210
210
200
200
200
200
200
180
200
210
210
200
200
220
210
210
200
200
200
220
200
190
190
180
180
180
170
180
170
180
190
200
180
180
180
200
200
190
210
220
220
210
230
210
220
220
220
230
240
270
270
260
270
290
290
290
300
290
320
300
290
270
260
250
290
300
290
320
320
380
390
410
400
410
420
420
430
430
420
430
450
470
440
460
470
470
470
460
420
410
410
400
390
340
320
300
300
260
270
270
260
230
230
220
200
200
210
190
180
200
190
190
210
220
210
200
220
210
210
200
220
220
200
200
200
210
220
210
210
190
180
190
190
180
180
220
200
200
200
200
220
230
240
250
280
280
440
440
500
540
550
560
560
560
570
560
620
620
620
600
610
650
670
690
680
710
700
690
630
620
460
460
390
340
320
310
300
300
290
290
230
220
220
200
180
130
100
70
40
0
0
