2.9
4.4
6.3
10.1
18.2
21.9
23.1
26.2
28.4
35.7
37.4
40.6
41.2
41.3
42.9
45.5
44.3
43.1
43
45.6
45.2
44.6
46.1
49.9
52.9
53
54.7
59.5
59.3
60.8
59.3
60.6
58.2
58.3
61.2
63.2
63.9
66.7
69.6
75.9
80.9
86.6
89.4
87
91
89.6
89.7
94.8
93.8
93.8
94
92.6
91.8
85.1
85
83.7
86.4
86.7
79.6
80.3
82.2
81.6
85.8
82.9
83.2
86.4
86.7
88.3
88.8
90.5
87.6
90.2
89.1
89.9
88.2
87.1
84.3
81.6
78.3
76.2
75.3
78.1
75.2
76.7
78.3
76.9
78.7
73.9
70.1
69.9
69.7
68.5
71
72.5
69.2
64.6
59.3
63.6
63.5
65.1
65.4
68.6
69.5
76.9
74.8
72.6
70.7
70.4
70.9
70.2
77.5
79.5
81
82
81.2
84.4
86
92.4
90
91
93.3
91.3
92
89.9
92.5
91.9
92.1
90.4
90.5
91.1
91.6
89
87.5
87
84.4
85.4
86.4
87.4
85.6
89.2
85.3
88.1
82.7
78.5
72.9
75.1
73.5
74.3
77.6
77.2
74.4
71.1
72
69.8
68.5
70.7
68.8
69.4
71.5
74.7
70.9
69.9
69.6
70.3
69.3
73.2
76.8
76.1
73.7
73.3
76
81.8
81.8
79.8
79.4
86.2
91.5
93
91.4
94.1
90.7
93.8
92.5
91.8
90.4
93.9
98.4
95.2
90.3
90.8
90.7
91.4
88.4
88.2
86.4
85.5
87.3
87.8
83.2
84.6
81.8
81.6
82.5
89.3
93.8
91.2
89.2
92.9
94.1
87.5
83
81.3
77.1
78.1
75.7
74.6
73.4
77.9
75.4
71.8
75.1
73.6
76.3
71.4
72.2
71.8
73.2
76.8
82.3
87.6
88.3
83.2
77.8
76
75.3
76
69.6
73.3
76
78.2
72
74
74
70.7
71.3
74
77.4
75.9
73.8
72.7
72.3
74.7
77.1
74.4
74.1
76.3
77.6
77.3
71.3
70.3
63.4
64.4
67.5
64.9
69.3
73.3
78.1
75.3
73.9
72.1
68.2
61.7
54.9
55.9
59.2
64.4
69
68.1
64.4
63.4
64.9
65.7
66.2
64.6
67.4
66.2
65.9
65.2
64.4
60.5
55.7
57.3
55.5
55.8
56.7
54.7
60.9
62.2
62.6
67.8
66.1
65.6
65.2
65.9
64.4
67.1
69.1
73.7
76.8
72.4
74.3
71.6
67.8
69.4
68
68.3
67.9
62
65.8
61.6
62.8
65
68.8
74.4
78
76.7
78.2
80.1
73.7
74.6
76.5
81.3
85.2
92.9
95.2
95.8
96
98.5
102.5
98.9
97.3
103.9
108.3
101.2
101.2
102.3
102.1
96.7
91.9
92.3
95.3
91.9
89.2
86.1
82.2
86.4
84.9
83.8
83.4
83.5
84
86.1
84.3
87.1
87.8
91.9
96.7
99.7
101.4
97.3
97.7
98.2
98.7
99.8
98
96.4
93.6
92.4
92
90.5
89.6
85.7
82.3
78.8
74.7
70
68.9
68.4
73.1
74.5
75.6
77.4
76.6
82.2
82.6
82.4
78
81.4
75.3
73.5
69.1
64.5
65.3
69.6
70.8
68.9
68.8
68.4
69.2
70
69.4
73.2
74.6
70.5
75
77.6
78.4
81.4
86.3
85.5
88.2
88
88.9
84.5
79.3
81.3
83.7
86.3
90.7
90
93.1
101
103.4
95.5
96.5
94
89.7
84.6
84.1
76.5
72.1
75.5
78.3
83
86.7
81.7
85
86.2
87.1
91.9
95.7
92.4
98.3
100.9
102.1
101.1
100.9
95.2
94.6
92.1
88.1
89.1
86.4
82.9
82.7
76.2
76.4
74.9
70.9
68
63.5
60.2
49.6
49.9
38.4
34.2
27.7
14.4
4.7
0
