31
35.6
57.6
65.8
65.8
89.8
92
133.8
141.2
138
162.6
152.6
157.2
158.4
167.6
181.2
166
168.8
161.6
152.6
131.6
108.6
108.6
132.6
112.6
92.8
79.2
69
62
54.2
71.8
73
68.6
64.2
55.4
55.4
62.6
62.6
34
36.4
33.2
47
49.6
38.6
52.4
52.4
48
19.4
19.4
17.2
14.8
15.8
15.8
13.2
7.8
7.8
7.8
7.8
7.8
7.8
9.6
9.6
9.6
28.6
45.2
45.2
108.4
94.8
80.4
66.2
70.6
70.6
70.6
66.2
57.2
57.2
98
101.2
101.2
101.2
98
39
81
96.4
91.2
84.4
83.2
77.8
55.8
48.2
57.2
62
62
62
62
54.4
55.4
52.2
43.2
40
37.4
20.6
21.2
22.8
21
30.6
21.4
21.4
27
33.4
33.4
35.2
35.2
36.2
34.4
32.8
34.4
34.4
32.8
26.2
21.4
27.8
27.2
29.4
26.2
25.2
29.6
28.4
26.8
31.6
28.2
28.2
30
40.2
53
50
51.2
50.6
48.4
44.6
45.8
46.8
44
43.2
37
50.2
56.4
51
89.8
86.2
90.6
68.2
105
118.4
116.6
103.6
101.4
90
84.4
86
77.6
91.8
71.6
80.2
70.6
73.8
75.6
76.2
73.8
98
98
90.8
81.4
73.4
81.4
83
78.4
79.2
95
92.4
96.6
94.2
94.2
100.6
105.8
118.2
127
146.8
128
135.4
129
115
96
99.2
100.8
79
57.8
58.2
51.8
38.2
60.8
56.2
69.6
70
77.8
69.4
67
59.8
66.2
56.4
58.2
53.6
52.2
47.8
45.6
46
56
77
64.2
71.6
83.8
105.6
106
114.2
124
132.8
115.8
100.8
123.8
144
137.8
146
144.6
138.2
149.6
169
124
129.6
126.2
122.4
109.6
97.4
119.2
126.2
137.8
145.8
153
142.8
162.8
145.8
166.8
175
169
153.2
153.4
220.2
230.6
208.8
154.2
158.4
125
133.8
166.8
171.6
163.6
156.4
136.4
134.6
121.8
119
99.6
42.2
30.2
30.6
38.2
39.8
39.4
49.4
45.6
52
42
35.6
24.4
22.8
26
20
18.4
24
30.4
28.8
42.4
52
48
52
51.2
50.4
61.6
60.8
57.6
39.2
44.8
40
35.2
32
32.8
29.6
32.8
26.4
24
31.2
42.4
44.2
39.4
46.6
49
46.6
46.4
51.2
56.8
53.6
71.2
68
67.2
74.6
69.8
77
66.2
52
77.8
169.8
191
194.4
210.6
205
196.4
225.8
259.4
251.8
272.2
265
285.4
220.6
262.2
266
320
342.8
313.2
306
332.4
281.8
272.6
217.6
211
203.4
144.2
138.6
151.4
166.2
162.6
171
174
165.4
169.8
188.4
162
183.4
167.8
167
176.8
190.2
177.6
177.8
168.8
186.8
200.8
208.8
273.2
282
280.4
297.2
269.2
231.6
166.4
199.4
192.4
197.8
179.4
171
181
165.4
179.2
168.8
169.6
164.2
160.4
133
147.4
127
119.4
106.4
134.4
130.4
125.6
121.6
124
113.6
93.6
105.6
90.4
85.6
99.2
104
108.8
112.8
116
115.8
121.6
110.8
123.6
137
121
145
186.8
170.2
259
260.4
293.2
282.4
282.2
290.8
297.2
327.2
314.6
264.8
222.2
209.6
199.8
170.6
161.4
157.6
147.6
173.4
162.4
209.6
183.2
190.4
123.8
130.6
137
136.6
122
115.2
112
131.4
120.6
146.4
124.4
117
114.4
115.6
114.4
118.8
112.4
112.4
110
134.6
130.4
122
110.6
115.4
120.6
100.8
65.2
65.2
62.8
56.4
37.4
33
33
7.6
