0
4.3
9.6
17
20.7
20.6
22.3
24
24.2
26.2
28.4
32.9
34.7
36.6
38.1
43.1
44.8
45.7
45.8
50.6
52.3
61.5
64
63.8
64
65.3
68.8
73.2
71.7
73.8
71.2
71.8
77.5
78.4
79.3
83.4
85.8
85
89
91.8
90.4
85.2
83.9
84.4
78.5
78.5
75.5
75.7
74.1
77.1
82.8
82.2
87.1
86.4
82.4
78.9
75.5
69.3
67.4
70.2
75.4
77.8
74.2
72.2
72.5
74.9
78.1
84.2
79.7
82.1
80.2
84.7
82.1
81.8
82.3
83.6
77.6
86.4
88.3
79
79.3
77.8
77.9
78.9
79.6
84.5
83.7
88.9
87.1
92.6
91.8
93.1
88.6
86.4
82.6
80.3
77
77.9
77.5
76.9
78.8
79.5
75
77.3
72.2
68.1
69.2
72.2
74.8
77.1
80.3
80.4
79.1
78.2
82.7
82.6
75.8
76.1
78.8
77.2
74.1
70.3
69.2
72.6
77.6
73.8
73.6
77.1
76.4
80.8
79.4
76.2
74.6
79.1
79.7
80.6
82.2
87.5
86.2
84.4
84.1
83.8
85.6
86.7
83.4
77.4
75.9
77.8
80.4
78.7
80.1
78.9
76.9
72.4
73.2
70.9
68.9
64.2
66.4
70.3
67
67.2
70.4
70.2
65
63.4
61
60.6
59.7
64.8
62.5
62.6
62.8
66.6
58.7
62.9
65.6
67.9
69.5
70.4
77.1
73.4
76.5
78.1
83.3
89.7
93.5
95.3
100.4
106.6
105.4
110.7
115.6
109.4
110.3
107.3
109.3
104.7
113.3
113.6
116
112.1
112.4
113.8
112.6
116
109
110.1
109.6
107.2
107.4
104.1
100.8
98.2
89.7
91.9
90.7
91.8
88.7
85.8
88.1
84.2
85.1
81.8
80.4
81.4
82.9
81.3
78.3
82.9
81
80.9
76.4
79.6
78.7
79.1
79.5
81.3
75.9
78.2
80.2
82.6
74.6
74.5
76.8
77
76
74.8
76.2
75.3
77.5
77
76
70.2
71
69.7
70
67.7
68.8
66.5
66.4
66.9
72.1
77.2
80.1
79.4
78.7
84.8
82.1
76
77
78.1
79.7
78.1
76.2
77.9
78.9
80.1
79.1
78.8
83.6
80.8
81.3
79.2
78.1
75.5
84.2
91.1
92.8
95.1
96.2
97.2
96.6
96.2
98.7
99.2
101
100.2
99.6
97.5
98.3
97.2
93.8
95.6
90.9
97.4
99.8
99.1
98.9
95.9
96.1
95.7
92
92.1
93.6
91.2
89.3
91.8
92.6
89.8
86.7
80.2
76
75.6
75.4
78.9
78.5
81.3
80.5
85.5
85.3
86.8
92.1
93.7
89
89.7
86.7
88.1
89.5
90.7
91.7
95.5
99.9
98.7
99.6
101
100.7
101.4
100.4
98.8
103.1
106
106.2
100.5
99
96.9
91.8
93.1
90
90.5
90.1
92
89.8
83.8
87.2
87.7
83.6
78.6
81.1
80.1
81.6
81.1
72.6
72.8
71.7
66.6
62.9
65.5
65.1
61.6
59.1
56
57.5
56.1
52.3
55.8
57.1
58
62.5
64.6
65.9
66
70.9
69.9
70.1
68.1
64.2
64.5
64.5
68.5
70.6
72
73.7
74.4
74.6
72.6
72.7
78
78.2
84.8
82
82
85.1
86.9
87.1
81.2
76.5
76.2
78.6
78.6
74.7
68.8
71.3
71.3
69.6
66.6
71.4
71
67.7
72
74.5
78.4
83.8
79.2
79.1
80.8
83.3
85.6
81
84.3
84.5
86
90.1
88.6
89.8
90.4
96.4
94.1
92.6
94.6
100.5
98.1
95.3
97
90.6
90.3
87.6
84.1
83.6
81.8
76.5
77.2
78.9
79
77
75.5
76.1
73.6
73.1
62
56.3
53.4
51.5
43.4
38.8
29.6
17.3
12.1
5.2
0
