6
14
18
24
24
24
26
28
32
32
36
40
44
44
44
44
44
46
50
54
52
44
40
34
38
38
38
36
34
34
36
32
28
32
36
36
40
46
48
48
44
44
94
94
90
90
88
88
136
190
186
188
190
192
198
274
282
278
276
276
278
284
284
312
312
312
320
320
274
222
220
222
220
214
210
152
158
160
156
156
156
154
154
126
132
132
124
126
126
124
74
74
86
86
80
62
46
44
98
94
94
94
96
96
92
92
92
90
98
98
104
100
88
92
92
96
96
92
42
46
44
44
46
48
52
52
52
54
42
44
38
38
40
42
48
46
44
48
50
50
56
56
64
66
60
64
82
84
84
140
144
154
156
158
154
152
152
150
144
144
138
140
130
134
136
136
118
120
126
70
66
68
68
114
114
118
124
122
124
124
124
118
120
116
114
114
118
116
110
112
112
106
106
48
48
48
48
48
50
50
50
54
50
50
56
56
60
60
62
58
58
54
52
52
58
54
48
50
50
54
54
54
60
60
54
58
56
52
56
56
56
58
58
62
54
56
64
68
64
110
122
118
118
122
126
122
116
116
114
118
118
116
114
114
116
118
116
110
118
150
140
146
142
140
140
142
144
148
144
140
146
148
150
156
158
156
152
152
144
138
136
134
132
130
126
124
128
78
82
84
78
80
80
70
72
70
70
70
70
78
80
80
80
80
86
92
86
56
58
60
64
58
56
56
50
54
56
60
70
62
60
56
56
52
48
42
52
50
48
46
52
52
56
58
58
54
52
48
40
40
46
46
48
48
46
50
46
44
44
42
32
32
30
30
30
34
34
40
40
42
40
40
38
48
52
48
52
52
54
54
64
64
62
66
70
66
68
66
68
66
68
68
74
70
66
66
56
58
52
54
46
46
46
40
40
44
44
40
38
40
38
38
32
26
30
30
30
36
40
44
44
44
48
56
56
52
52
56
54
56
52
52
52
52
48
48
54
46
42
38
36
36
34
34
32
40
46
48
50
50
50
50
52
56
56
56
50
52
56
54
54
54
52
44
50
42
32
26
24
20
20
20
18
14
14
14
14
12
8
8
8
8
8
8
0
0
0
0
0
0
