0
0
0
0
4
6
8
12
20
20
20
30
30
32
36
38
38
38
38
44
54
58
64
64
60
64
62
58
50
52
52
44
46
44
42
40
48
60
66
64
58
58
54
54
58
72
92
92
92
94
102
108
112
112
110
116
112
100
104
148
150
146
146
146
146
142
146
152
206
204
202
196
192
192
196
190
186
186
178
178
182
184
182
188
188
188
180
178
176
176
170
218
220
208
192
192
196
202
204
206
200
202
208
202
202
202
200
148
150
148
158
112
114
112
110
114
62
56
52
54
54
54
52
52
48
50
50
50
46
52
42
38
32
32
36
32
34
34
34
30
30
28
26
30
32
32
32
32
38
30
30
30
36
38
34
38
36
36
42
48
48
48
46
48
48
48
50
50
48
48
54
58
58
64
64
60
58
58
64
62
58
58
60
60
64
60
58
60
58
58
54
50
46
38
42
44
44
50
42
38
40
44
48
42
36
36
40
40
44
46
52
56
54
56
56
58
60
56
54
58
62
68
68
70
70
76
72
76
74
72
66
62
64
62
64
60
58
56
58
78
74
66
62
60
64
60
62
58
56
56
58
58
56
56
52
52
50
52
46
42
40
40
40
44
42
40
40
38
40
44
42
46
46
50
48
48
54
60
64
64
64
66
64
68
68
68
66
52
50
48
52
56
56
60
62
66
60
56
52
58
58
56
56
48
46
46
46
40
44
44
42
38
38
34
32
28
32
32
38
36
36
34
34
34
34
32
36
36
32
34
32
36
36
40
40
46
42
46
42
42
66
78
82
132
184
188
186
186
186
182
190
182
190
184
188
190
196
192
196
258
274
266
262
214
164
158
158
162
162
216
218
220
218
218
210
208
204
212
206
144
128
126
130
130
132
136
134
136
124
72
68
66
62
60
62
60
58
56
54
50
46
46
42
44
42
40
40
38
30
30
26
32
36
36
38
34
34
30
34
36
44
44
46
44
48
50
52
52
52
52
54
48
40
42
38
38
44
44
44
44
38
38
38
36
38
34
38
38
38
140
142
140
146
150
154
154
148
146
140
134
132
132
130
130
124
124
122
118
118
16
12
10
4
0
0
0
0
0
0
0
