1.2
4
5.8
7.8
10.4
11.6
12.8
16.6
18.6
19.8
22.8
27.4
29.8
32.6
35.4
40.8
42
42.6
42.6
44
43.8
44.2
44.8
42.8
42.6
44
42.6
39.8
40
40
39.2
36
35.2
33
33.4
32.4
33.6
33.4
32.4
32.4
33.6
33.6
35
36
36.2
36.8
37
38
37
39
39
43
47.4
65
93.6
115
125.8
146.6
148.8
149.4
148.4
173.4
179
178
180.8
178.4
180.6
177.2
186.2
183.4
170.2
170.2
159.6
137.8
145.8
143.6
145.6
120.4
124.8
126.6
126.8
128.8
165.6
167.2
163.2
164.6
193.8
233.8
233.4
233.8
222.8
223.2
222.6
223.4
214
212.8
211.8
211
170.8
168.2
168.6
155.2
124.2
66.4
66.6
69.6
68
68.8
67.2
69.4
69.6
69
68.6
69.6
70.2
73.2
63.2
63
60.8
60.8
60.4
59
59.6
58.8
59.2
56
55.2
56
57
57.2
57.8
55
55.8
53.8
43.6
42.4
42
41.2
42.2
44
44.4
44.4
42.8
41.4
40
39.2
39
41.2
40.6
41.8
42.2
42.2
41.8
43.2
43.6
40
39.2
39
41.2
42.4
42.6
43.4
43.8
42.6
42.2
42.8
44.4
45
46.2
45.4
44.6
46.2
48.2
47.6
47.4
47
48
48
47.4
48
48
47.2
45.2
45.2
45.6
46.2
46
45.6
44.4
56.4
55.4
58
56.8
56.4
58.2
56.4
55.2
57.6
59.8
58.8
58.4
58
59
57.8
58
57.4
57.4
55
54.8
55.6
53.8
54.8
54.4
52.2
51.2
52.2
51
49.8
52.6
55.4
56.8
55
56.4
58.8
58.6
58.4
59.6
60
59.6
60.2
59.8
61
61.8
63.6
61.4
61.8
61.6
52.6
53.4
52.8
54
54
52.8
51
51.6
51
51.6
52
51.4
49.2
46.6
44.4
43.4
53.8
57
85.6
84.6
85.2
85.6
86.6
86.8
86
85.2
84.6
83.8
84.4
84.6
83.4
83.8
74
70
40.2
40.2
39.6
39.8
38.2
38.4
37.2
37.6
36.2
36.8
37.4
37.6
38.6
37.2
36.4
35
34.2
34.6
34.6
33.6
35.2
40
50.4
50.2
56.8
57.2
58
58.6
58
63.6
66.4
68.4
69.6
68.6
68
68.6
70
64.8
56.4
57.6
56.6
57.4
55.6
55.8
56.8
57.4
53.4
51.6
50.6
51.6
51.6
51.8
50.2
50.2
49
47.4
48
46.4
46.6
45.2
45.4
45.6
46.2
46.4
47.2
46.4
46.4
97.6
99
99
101
122.2
115.6
136.2
136.4
138.8
139.6
135
141.2
144
144.4
144.4
143.2
132.8
145.2
157.2
168.6
183.2
198.2
203.6
204.2
203.6
202.6
203.4
201.8
202
199.6
227.6
229.4
232.8
231.8
236.2
232.6
209
202.8
197.4
197
195.8
199.2
226.8
223.2
220.6
223
221.2
221
177.8
179
174.8
170.8
169.6
170.4
152
151.6
152.6
150.2
152.2
152.2
151.4
150.2
150
149.8
150.6
136.8
125.2
120.6
110.4
102.4
101.4
101.6
100.6
100.2
90.4
89.6
90.8
92.2
66.4
66.6
64.6
65.4
65.2
64.4
63.4
63
48
48.8
50.8
49.8
42.8
41.6
42
40.6
47.2
48.4
51
76.8
81
116
184
188.4
188.8
203.6
201.8
201.8
204.2
219.4
218.8
220.2
219.6
221.8
245.2
245.4
243.6
276.6
256.8
248.8
245.6
227.4
225.4
223.2
219
215.4
212.8
208.8
201.2
194.6
166.6
137.2
132.6
82.2
32.6
32.6
32.6
32.6
32.6
32.6
32.6
0
0
0
