0
0
0
0
34
34
34
34
50
50
70
70
70
50
66
50
50
16
32
32
32
32
32
16
16
0
0
0
0
0
0
0
0
0
0
16
32
32
36
36
58
42
42
84
84
100
100
122
106
150
128
150
134
134
136
290
268
246
92
92
92
114
66
66
22
22
22
44
44
44
44
44
66
88
66
66
66
66
110
110
88
88
88
88
88
66
44
44
44
44
44
0
0
0
0
0
0
64
64
64
64
64
64
64
64
98
116
116
98
80
64
64
64
64
78
46
46
0
0
0
0
0
0
0
0
22
52
52
52
52
52
52
68
38
68
52
74
74
96
96
118
170
200
170
140
110
110
110
110
88
88
110
154
176
154
154
176
132
132
110
110
110
110
154
132
104
82
104
104
120
120
120
120
120
126
126
82
82
66
66
44
66
66
110
110
110
154
188
188
232
210
210
210
218
218
240
218
262
262
240
240
218
190
242
242
264
286
308
234
260
266
244
268
268
268
218
170
140
140
162
114
114
114
114
114
70
70
44
44
66
66
66
22
22
22
44
44
66
66
66
110
110
132
132
110
110
154
176
176
176
154
176
176
154
154
132
132
132
132
88
96
74
74
74
52
52
30
30
30
30
30
30
30
30
30
30
60
60
82
82
82
82
82
104
104
104
120
120
142
126
176
154
154
154
154
124
102
102
102
128
128
106
106
100
122
94
78
78
78
70
70
70
70
70
92
92
92
70
44
44
66
66
44
72
72
72
72
50
50
50
50
50
22
0
0
0
0
44
44
44
44
44
88
88
88
88
44
44
44
44
44
0
0
0
0
0
22
22
22
22
22
22
22
44
44
66
110
110
110
110
176
132
220
176
176
154
182
182
182
182
182
50
50
50
50
96
96
96
52
52
52
24
24
24
24
24
24
24
24
24
24
24
0
16
16
16
16
16
16
16
16
16
16
16
0
0
0
0
0
0
26
26
26
52
130
130
130
130
130
130
130
130
130
130
130
130
130
130
130
130
130
130
130
104
104
104
78
0
0
0
0
0
0
0
0
0
0
0
0
0
0
0
0
0
0
0
0
0
0
0
0
0
0
0
0
0
0
0
0
0
