0
22
22
22
22
46
68
68
68
68
84
84
62
62
62
62
38
16
16
16
16
0
0
0
0
0
0
0
0
0
0
0
0
0
0
0
0
0
0
0
0
26
52
52
100
100
100
52
52
52
52
70
70
44
26
26
26
26
26
26
26
26
26
50
80
80
80
80
56
26
26
26
26
26
26
26
122
122
122
122
122
56
56
56
30
30
30
30
0
0
0
0
0
24
40
40
56
40
40
24
24
24
46
46
46
46
46
46
46
62
62
62
62
40
40
40
56
56
32
54
38
54
32
48
32
32
32
54
70
86
70
70
48
86
88
88
88
70
54
38
38
38
62
62
46
90
112
66
44
62
68
68
52
52
52
46
64
64
64
70
48
48
48
48
24
24
24
24
0
68
68
68
68
68
84
84
92
76
76
60
38
38
54
54
86
54
78
102
102
118
118
140
116
132
154
122
60
60
38
16
38
38
60
60
44
22
22
22
44
44
44
44
46
48
70
70
70
68
44
46
46
70
48
70
46
62
38
38
16
94
94
94
94
110
152
168
192
162
100
124
124
100
126
150
126
126
136
160
152
84
134
134
110
130
130
136
152
176
96
104
80
80
56
102
78
94
78
62
46
46
46
62
32
32
16
16
16
16
32
32
32
32
16
16
16
16
16
40
56
40
40
40
16
16
16
16
32
32
32
16
32
32
32
32
32
32
32
16
16
40
40
24
24
24
24
24
24
48
48
48
48
24
24
50
26
26
0
0
0
56
94
142
194
194
170
242
242
218
258
282
234
166
198
198
174
176
172
196
172
172
172
172
176
144
118
118
118
96
74
96
108
108
160
182
174
248
232
256
274
252
206
274
252
254
286
270
192
230
254
246
198
190
118
126
102
122
108
84
106
106
130
106
84
110
110
86
134
96
72
72
124
76
76
76
116
116
116
116
140
92
92
92
116
76
100
100
100
100
100
100
100
116
114
130
170
148
172
118
142
126
180
180
180
154
154
102
124
116
116
92
76
118
142
180
160
160
136
134
148
148
122
66
44
110
104
130
130
136
114
114
114
114
114
114
114
162
162
162
140
156
156
130
104
104
104
104
16
16
16
16
