0
12
12
12
12
12
12
12
12
12
12
12
14
29
2
2
2
2
2
2
2
2
2
2
15
15
15
15
15
15
32
32
32
32
45
45
32
32
32
30
30
30
30
43
43
30
30
30
36
44
31
31
42
55
55
55
66
66
84
84
84
84
84
84
84
102
102
102
141
128
111
128
111
111
111
111
105
105
105
114
107
109
109
91
74
74
74
74
85
77
77
77
69
47
47
45
45
27
14
14
14
12
31
20
20
20
19
19
19
0
0
0
14
14
14
14
14
25
25
25
25
35
35
35
35
35
21
32
32
32
32
32
57
57
57
80
80
80
69
69
69
69
63
63
63
63
58
58
58
65
50
40
29
29
29
26
26
44
44
41
41
41
45
45
45
61
60
54
50
50
50
50
50
57
57
57
57
74
71
71
71
58
71
73
73
73
73
73
73
66
66
66
66
66
66
66
66
66
62
62
62
62
62
60
42
58
69
69
69
69
69
69
41
41
37
37
37
24
24
24
24
39
26
26
26
26
26
26
34
39
34
34
34
41
41
54
54
62
62
95
95
107
107
95
95
92
92
80
65
65
54
46
38
38
57
57
57
57
56
53
53
53
36
39
30
37
25
25
25
25
25
25
22
22
41
41
36
36
36
36
29
29
10
10
10
10
10
10
10
10
3
3
3
3
3
3
3
3
3
3
3
3
22
22
22
23
23
23
23
25
25
25
25
20
20
20
20
20
20
20
20
20
25
25
25
25
25
40
56
56
60
54
69
69
84
104
111
111
111
106
106
106
106
115
115
106
106
106
80
65
83
68
68
73
73
73
73
73
73
73
86
99
99
99
99
83
85
85
93
93
93
85
85
99
99
99
91
91
76
76
76
76
60
45
45
52
70
70
70
70
56
56
56
56
56
38
20
20
20
20
20
36
36
23
23
23
7
7
7
7
7
9
9
14
7
7
7
7
7
7
7
7
7
21
37
48
48
48
48
74
83
93
93
108
122
122
122
127
127
114
114
114
100
95
70
65
65
83
58
58
79
79
79
69
69
69
66
66
66
66
66
66
66
48
30
30
33
24
24
24
24
24
24
24
24
24
24
24
24
24
