4
4
4
10
10
10
14
14
14
18
20
22
30
30
36
38
38
40
44
44
42
42
44
44
46
46
42
46
46
52
50
50
42
46
40
42
42
40
36
36
38
38
36
30
28
36
40
36
36
30
30
36
42
50
68
90
98
114
116
116
112
166
168
172
172
168
170
170
220
218
222
218
212
208
212
210
198
182
180
182
186
132
162
164
164
166
174
222
174
174
170
170
174
174
170
166
166
166
166
164
160
154
106
80
80
74
60
16
16
14
14
22
22
26
32
36
36
36
38
42
48
50
48
48
48
48
48
44
42
44
46
38
36
32
26
22
24
26
32
32
26
22
24
26
26
26
26
28
30
28
28
32
32
34
34
38
36
36
28
34
34
38
40
38
42
44
48
46
48
50
48
50
48
46
46
44
44
46
46
36
38
36
32
36
34
32
28
28
30
28
28
22
22
22
26
32
32
32
32
36
34
34
38
38
36
38
38
40
34
38
38
38
40
44
42
34
38
38
40
36
40
46
42
38
40
38
40
48
50
46
48
48
48
44
46
48
48
48
48
48
44
36
40
40
40
42
40
30
30
32
30
30
30
36
32
32
28
24
22
28
34
38
34
34
32
38
38
38
40
38
38
42
42
40
44
42
46
46
48
46
40
38
38
46
48
42
46
46
48
48
50
48
46
44
48
98
96
96
94
92
92
90
90
82
82
80
76
80
74
74
74
76
76
82
76
78
78
82
86
90
90
92
94
98
96
98
104
104
108
114
114
110
114
106
106
108
108
104
150
148
148
152
156
104
104
102
96
94
92
100
98
98
96
96
96
142
160
184
192
188
194
188
186
186
190
208
208
208
206
194
196
196
198
198
200
200
200
178
174
176
170
170
164
162
160
144
94
96
96
94
92
92
90
92
94
98
98
96
100
102
104
108
112
62
40
46
44
40
42
42
46
46
44
42
40
36
36
36
32
30
34
30
28
34
36
32
30
34
34
34
32
36
38
42
42
56
158
184
264
262
256
206
204
198
196
194
198
194
198
198
200
196
206
254
254
252
200
196
122
122
122
122
122
122
122
120
116
116
110
110
106
106
94
42
40
28
28
6
0
0
