0
16
16
16
0
0
0
0
0
22
22
22
22
38
38
54
38
38
72
72
72
44
44
44
102
162
162
154
132
114
94
114
98
82
62
62
92
122
122
102
146
172
172
172
194
194
194
194
194
172
172
172
144
144
144
166
166
166
122
118
66
44
44
22
38
38
38
38
16
16
38
38
38
38
60
44
88
88
88
88
88
88
88
66
66
22
22
44
44
44
88
88
88
110
110
110
88
88
134
90
90
90
62
84
84
84
84
62
84
100
128
128
90
102
124
96
96
96
118
118
90
112
164
142
158
154
154
134
144
144
106
114
130
152
108
152
168
146
124
108
108
138
136
136
166
188
172
242
218
212
156
156
118
148
148
170
104
126
104
128
98
76
76
76
76
98
120
142
90
90
90
112
112
112
112
140
118
96
96
96
74
74
96
96
96
118
94
94
94
94
116
94
94
94
44
44
68
68
120
98
126
96
96
118
140
162
162
140
96
96
74
74
74
74
74
52
52
52
52
24
48
48
48
24
24
24
24
68
90
128
128
128
112
112
112
112
68
46
24
62
62
78
56
78
84
84
114
112
112
134
168
138
116
94
138
138
146
146
146
94
94
94
94
78
94
116
138
190
220
220
220
220
220
220
242
204
204
226
226
220
220
220
192
170
170
208
186
160
112
86
90
90
120
120
98
60
44
44
44
66
66
66
66
66
44
44
74
74
52
66
82
60
60
82
110
110
88
60
82
82
82
44
44
44
44
44
66
66
46
46
46
22
22
22
44
44
44
44
44
60
60
60
88
66
88
66
66
88
88
88
88
44
44
22
22
22
0
0
0
0
0
0
0
0
0
0
0
0
0
0
0
16
16
44
28
28
28
28
28
28
28
28
28
28
28
28
28
50
50
50
50
50
50
50
50
50
28
28
0
0
0
0
0
0
0
0
0
0
0
0
0
0
30
30
30
30
30
30
30
30
30
0
0
0
0
0
0
0
0
0
54
54
54
24
24
24
24
24
24
24
24
16
16
16
16
40
40
40
40
40
128
128
166
144
160
128
104
126
126
60
60
38
38
60
82
66
44
44
44
44
44
44
22
0
22
22
22
0
0
0
