0 1 2 1
0 170 9 1
0 96 12 1
0 150 3 1
0 88 16 1
0 163 3 1
0 43 3 1
0 186 10 1
0 191 11 1
0 140 12 1
0 31 5 1
0 155 9 1
0 41 17 1
0 156 7 1
0 136 5 1
0 28 15 1
0 56 9 1
1 13 7 1
2 29 10 1
2 163 9 1
2 127 6 1
2 75 12 1
2 185 10 1
2 4 2 1
2 32 2 1
2 63 12 1
2 37 20 1
2 157 14 1
2 121 20 1
2 180 2 1
2 70 4 1
3 158 15 1
3 144 12 1
3 63 7 1
3 187 15 1
3 172 12 1
3 86 6 1
3 84 13 1
3 42 10 1
3 114 9 1
3 40 20 1
3 9 3 1
3 108 7 1
3 112 14 1
3 92 8 1
3 79 10 1
3 22 14 1
3 56 19 1
3 20 10 1
3 47 4 1
4 38 13 1
4 184 1 1
4 48 14 1
4 72 4 1
4 105 2 1
4 54 10 1
4 98 2 1
4 31 20 1
4 51 15 1
4 10 1 1
4 4 1 1
4 83 10 1
4 139 6 1
4 101 11 1
4 182 18 1
4 41 9 1
4 58 10 1
4 175 8 1
4 124 2 1
4 189 16 1
4 132 5 1
4 123 3 1
4 7 3 1
4 119 19 1
5 106 4 1
5 148 18 1
5 177 14 1
5 82 18 1
5 83 11 1
5 80 19 1
5 11 7 1
5 51 13 1
5 37 14 1
5 29 7 1
5 61 15 1
5 191 13 1
5 29 20 1
5 67 14 1
5 5 1 1
5 158 19 1
5 36 16 1
5 181 12 1
5 102 2 1
5 41 15 1
5 93 6 1
5 158 11 1
5 65 15 1
5 103 13 1
5 55 5 1
5 186 4 1
5 142 15 1
6 121 8 1
6 40 7 1
6 106 13 1
6 60 18 1
6 149 1 1
6 86 9 1
6 140 17 1
6 112 19 1
6 160 20 1
6 102 20 1
6 68 7 1
6 11 1 1
7 67 2 1
7 180 8 1
7 41 16 1
7 83 5 1
7 52 18 1
7 95 15 1
7 57 6 1
7 184 3 1
7 166 11 1
7 95 13 1
7 185 15 1
8 25 12 1
9 118 15 1
9 175 16 1
9 51 9 1
9 83 5 1
9 103 8 1
9 170 6 1
9 35 11 1
9 100 18 1
9 176 11 1
9 134 8 1
9 12 2 1
9 76 11 1
9 73 4 1
9 99 8 1
9 95 1 1
9 30 16 1
9 77 4 1
9 188 12 1
9 61 12 1
9 99 15 1
9 80 11 1
9 141 9 1
9 36 9 1
9 35 14 1
9 66 2 1
9 122 8 1
9 116 1 1
9 21 3 1
9 160 12 1
9 104 16 1
9 12 1 1
9 38 20 1
9 188 5 1
9 187 13 1
9 133 18 1
9 25 12 1
9 189 12 1
10 94 18 1
10 181 13 1
10 172 13 1
10 182 12 1
10 173 16 1
10 52 14 1
10 134 9 1
10 36 5 1
10 171 11 1
10 188 19 1
10 105 3 1
10 76 14 1
10 51 8 1
10 113 12 1
10 168 15 1
10 123 19 1
10 113 9 1
10 55 1 1
10 33 1 1
10 162 6 1
10 152 12 1
10 154 12 1
10 102 9 1
10 125 3 1
10 75 8 1
10 143 2 1
10 129 7 1
11 164 16 1
11 69 14 1
11 89 9 1
11 14 3 1
11 49 19 1
11 22 8 1
11 165 19 1
11 36 1 1
11 36 1 1
12 67 5 1
12 63 12 1
12 43 6 1
12 23 3 1
12 19 3 1
12 150 7 1
12 85 13 1
12 38 4 1
12 51 4 1
13 110 19 1
13 51 18 1
13 134 2 1
13 177 8 1
13 98 17 1
13 107 6 1
13 83 19 1
13 172 11 1
13 34 8 1
14 89 19 1
15 146 10 1
15 94 4 1
16 187 10 1
16 122 19 1
16 125 7 1
16 176 8 1
16 114 6 1
16 28 9 1
16 113 5 1
16 92 4 1
17 30 3 1
17 138 14 1
17 118 10 1
17 168 7 1
17 45 14 1
17 58 5 1
17 21 5 1
17 125 8 1
17 105 16 1
17 127 5 1
17 142 2 1
17 160 9 1
17 160 5 1
17 163 9 1
17 132 19 1
17 189 3 1
17 19 3 1
17 41 9 1
17 187 8 1
17 189 17 1
17 129 15 1
17 26 10 1
17 188 20 1
17 46 12 1
17 47 20 1
17 172 6 1
17 177 1 1
17 186 7 1
17 165 17 1
17 167 19 1
17 151 11 1
17 137 4 1
17 174 14 1
17 63 20 1
17 62 18 1
17 25 6 1
17 78 10 1
17 106 4 1
17 38 6 1
17 187 12 1
17 134 14 1
17 143 16 1
17 177 6 1
17 28 1 1
17 156 18 1
17 23 6 1
17 109 20 1
17 151 7 1
17 101 8 1
17 138 19 1
17 159 6 1
17 167 5 1
17 138 20 1
17 182 7 1
17 48 9 1
17 132 20 1
17 117 12 1
17 114 5 1
18 59 15 1
18 178 20 1
19 135 13 1
19 135 5 1
20 149 13 1
20 159 14 1
20 80 12 1
20 23 4 1
20 87 16 1
20 188 12 1
20 145 15 1
20 54 16 1
20 34 1 1
20 178 19 1
20 114 12 1
20 135 9 1
20 52 18 1
20 80 12 1
20 69 3 1
20 76 11 1
20 25 6 1
20 126 8 1
20 69 17 1
20 136 14 1
20 118 11 1
20 105 15 1
20 93 12 1
20 140 1 1
20 133 2 1
20 123 13 1
20 21 1 1
20 141 13 1
20 129 11 1
20 37 2 1
20 74 3 1
20 131 7 1
20 66 11 1
20 68 2 1
20 192 18 1
20 179 2 1
20 123 2 1
20 22 3 1
20 86 14 1
20 57 2 1
20 50 6 1
20 114 15 1
20 147 2 1
20 84 13 1
20 23 3 1
20 50 5 1
20 168 1 1
20 144 13 1
20 180 17 1
20 91 7 1
20 140 7 1
20 79 4 1
20 105 5 1
20 109 10 1
20 70 5 1
20 67 18 1
20 135 14 1
20 36 14 1
20 161 15 1
20 93 15 1
20 85 13 1
20 83 1 1
20 184 20 1
20 164 6 1
20 60 6 1
20 68 6 1
20 153 19 1
20 126 7 1
20 142 12 1
20 44 12 1
20 180 18 1
20 75 12 1
20 44 18 1
20 119 16 1
20 190 17 1
20 52 12 1
20 49 7 1
20 32 13 1
20 168 3 1
20 127 10 1
20 31 2 1
20 82 2 1
20 61 19 1
20 58 3 1
20 136 4 1
21 181 10 1
21 133 5 1
21 96 11 1
21 114 15 1
21 112 9 1
21 108 20 1
21 125 17 1
21 85 8 1
21 40 8 1
21 77 4 1
21 171 16 1
21 160 17 1
23 183 17 1
23 47 1 1
23 84 19 1
23 177 5 1
23 60 12 1
23 76 7 1
23 87 12 1
23 117 12 1
23 128 17 1
23 99 4 1
23 35 4 1
23 137 16 1
23 102 17 1
23 77 11 1
23 30 3 1
23 40 3 1
23 182 15 1
23 59 14 1
23 155 1 1
23 145 3 1
23 118 7 1
23 78 10 1
23 52 9 1
24 27 2 1
24 192 9 1
24 43 18 1
24 69 4 1
24 135 16 1
24 42 8 1
24 134 10 1
24 54 12 1
24 32 2 1
24 111 6 1
24 175 2 1
24 149 15 1
24 176 20 1
24 154 7 1
24 150 1 1
24 70 1 1
24 157 3 1
24 55 14 1
24 46 5 1
24 159 8 1
24 126 16 1
24 135 11 1
24 157 11 1
24 172 1 1
24 91 4 1
24 190 6 1
24 95 12 1
24 163 20 1
24 159 1 1
24 189 3 1
24 101 2 1
24 131 14 1
24 42 5 1
24 161 13 1
24 158 16 1
24 137 8 1
25 73 19 1
25 126 1 1
26 116 10 1
26 45 3 1
26 101 14 1
26 132 20 1
26 164 6 1
26 162 19 1
26 65 15 1
26 121 6 1
26 79 11 1
26 180 15 1
26 98 8 1
26 80 3 1
27 147 14 1
27 181 5 1
28 53 4 1
28 104 17 1
28 122 8 1
28 60 2 1
28 96 12 1
28 169 14 1
28 72 9 1
28 91 15 1
28 97 12 1
28 153 10 1
28 106 11 1
28 133 20 1
29 87 9 1
29 119 17 1
29 69 4 1
29 183 6 1
29 59 17 1
29 158 1 1
29 112 1 1
29 155 3 1
29 92 4 1
29 37 3 1
29 146 10 1
29 92 3 1
29 92 15 1
29 188 11 1
29 91 11 1
29 113 11 1
29 64 14 1
29 30 2 1
29 125 18 1
29 160 20 1
29 157 17 1
30 49 6 1
30 124 2 1
30 121 14 1
30 114 20 1
30 149 14 1
30 77 16 1
30 90 1 1
30 118 20 1
30 168 5 1
30 36 1 1
30 51 16 1
30 124 17 1
30 46 6 1
30 82 14 1
30 106 18 1
30 164 8 1
30 106 12 1
30 68 1 1
30 107 9 1
30 97 6 1
30 55 18 1
30 104 18 1
30 143 3 1
31 37 6 1
31 73 20 1
31 68 1 1
31 34 2 1
31 141 3 1
31 35 1 1
31 118 5 1
31 49 17 1
31 129 17 1
31 61 1 1
31 36 5 1
31 175 19 1
31 102 11 1
31 136 13 1
31 126 15 1
31 109 4 1
31 165 16 1
31 182 10 1
31 41 3 1
31 134 13 1
31 151 16 1
31 143 10 1
31 62 13 1
31 53 7 1
31 35 4 1
31 41 6 1
31 99 6 1
31 187 10 1
31 106 7 1
31 42 4 1
31 46 9 1
31 150 14 1
31 110 8 1
31 68 20 1
31 136 19 1
31 76 2 1
31 122 8 1
31 156 7 1
31 186 11 1
31 100 8 1
31 64 7 1
31 134 17 1
31 102 16 1
31 192 15 1
32 35 1 1
32 127 16 1
32 174 8 1
32 139 4 1
32 72 16 1
32 115 1 1
32 127 6 1
32 152 3 1
32 61 15 1
32 51 2 1
33 168 15 1
33 183 10 1
33 92 4 1
33 144 12 1
33 137 10 1
33 165 5 1
33 52 14 1
33 81 11 1
33 33 1 1
33 47 14 1
33 156 15 1
33 170 13 1
33 165 6 1
33 126 1 1
33 59 4 1
33 107 7 1
33 170 2 1
33 57 17 1
33 185 20 1
34 170 8 1
34 123 17 1
34 148 9 1
34 154 3 1
34 149 8 1
34 159 3 1
34 113 4 1
34 63 5 1
34 71 19 1
34 97 14 1
34 51 3 1
34 173 3 1
34 50 4 1
34 123 11 1
34 144 11 1
34 34 1 1
34 135 14 1
34 183 12 1
34 190 3 1
34 75 6 1
34 39 6 1
34 95 8 1
34 191 11 1
35 108 14 1
35 115 20 1
35 41 4 1
35 130 11 1
35 120 16 1
35 123 1 1
35 103 16 1
35 65 1 1
35 93 20 1
35 46 3 1
35 133 18 1
35 171 20 1
35 172 1 1
35 125 11 1
35 38 1 1
35 83 18 1
35 65 4 1
35 84 11 1
35 113 4 1
36 131 15 1
36 141 8 1
37 153 19 1
37 81 19 1
37 158 1 1
38 111 5 1
38 182 5 1
38 120 15 1
38 39 2 1
38 140 6 1
38 138 19 1
38 102 3 1
38 116 17 1
38 185 15 1
38 127 11 1
38 129 20 1
40 104 14 1
40 42 3 1
40 120 20 1
40 50 1 1
40 191 3 1
40 40 1 1
40 175 12 1
40 143 12 1
40 145 5 1
40 176 13 1
40 187 14 1
40 57 14 1
41 157 16 1
41 180 16 1
41 107 17 1
41 94 18 1
41 99 14 1
41 59 6 1
41 104 6 1
41 118 6 1
41 45 1 1
41 87 15 1
41 107 4 1
41 46 3 1
41 103 6 1
41 179 15 1
41 173 3 1
41 68 7 1
41 99 12 1
41 63 9 1
41 108 7 1
41 66 11 1
41 116 11 1
41 176 17 1
41 192 7 1
41 105 19 1
41 43 3 1
41 148 2 1
41 43 3 1
41 151 8 1
41 159 20 1
41 121 8 1
41 108 15 1
41 108 4 1
41 58 15 1
41 176 13 1
41 185 14 1
41 137 15 1
41 168 7 1
41 95 15 1
41 84 3 1
41 104 11 1
41 131 20 1
41 88 4 1
41 130 8 1
41 155 12 1
41 72 11 1
41 83 11 1
41 166 14 1
41 180 3 1
41 171 14 1
41 147 5 1
41 162 2 1
41 102 2 1
41 94 19 1
41 134 8 1
42 192 2 1
42 155 13 1
42 167 10 1
42 80 17 1
42 122 13 1
43 52 9 1
43 78 4 1
43 179 19 1
43 187 2 1
43 94 2 1
43 78 18 1
43 98 10 1
43 150 19 1
43 129 8 1
43 143 1 1
43 163 18 1
43 121 4 1
43 134 20 1
43 162 20 1
43 189 10 1
43 87 1 1
43 165 20 1
43 59 11 1
43 62 7 1
43 81 1 1
44 101 6 1
44 122 1 1
44 64 12 1
44 85 1 1
44 97 18 1
44 171 18 1
45 101 5 1
45 115 7 1
45 177 3 1
45 93 4 1
45 54 9 1
45 192 6 1
45 142 11 1
45 173 10 1
45 50 2 1
45 128 1 1
45 114 12 1
45 177 8 1
45 68 2 1
45 114 13 1
45 131 17 1
45 66 8 1
45 103 20 1
45 186 17 1
45 156 9 1
45 88 1 1
45 143 4 1
45 144 9 1
46 96 9 1
46 50 1 1
46 108 12 1
46 185 11 1
46 56 10 1
46 67 7 1
46 75 17 1
46 181 5 1
46 182 13 1
46 170 17 1
46 184 17 1
47 56 1 1
47 145 19 1
48 189 7 1
48 138 16 1
48 100 17 1
48 162 5 1
48 174 14 1
48 169 2 1
48 83 11 1
48 115 19 1
48 72 10 1
48 92 8 1
48 86 16 1
48 150 17 1
48 88 2 1
48 72 5 1
48 192 5 1
48 180 2 1
48 168 15 1
48 90 14 1
48 157 7 1
48 170 13 1
48 122 2 1
48 180 11 1
48 176 10 1
48 177 19 1
48 145 12 1
48 77 19 1
48 79 3 1
48 168 4 1
48 49 1 1
48 71 4 1
48 61 14 1
48 173 16 1
48 159 3 1
48 132 9 1
48 185 17 1
48 77 11 1
48 109 2 1
48 166 20 1
48 114 2 1
48 105 14 1
48 153 16 1
48 90 13 1
48 168 9 1
48 67 20 1
48 182 1 1
48 99 18 1
48 72 2 1
48 109 17 1
48 175 7 1
48 53 4 1
48 89 12 1
48 72 18 1
48 147 17 1
48 84 6 1
48 95 6 1
48 65 5 1
48 189 11 1
48 161 9 1
48 164 2 1
48 101 15 1
48 53 3 1
48 154 11 1
48 146 14 1
48 71 12 1
48 144 15 1
48 164 18 1
48 58 3 1
48 97 2 1
48 184 20 1
48 95 9 1
48 137 15 1
48 152 12 1
48 171 2 1
48 166 8 1
48 173 9 1
48 169 20 1
48 134 17 1
48 141 7 1
48 80 6 1
48 191 10 1
48 179 6 1
48 143 11 1
48 187 18 1
48 80 9 1
48 89 7 1
48 104 7 1
48 76 2 1
48 187 16 1
48 95 1 1
48 139 5 1
49 183 12 1
49 105 5 1
49 119 17 1
49 125 14 1
49 120 6 1
49 137 3 1
49 188 9 1
49 84 11 1
49 118 20 1
49 130 1 1
49 129 1 1
49 158 2 1
49 160 18 1
49 99 13 1
49 190 19 1
49 63 13 1
49 70 16 1
49 145 17 1
49 106 2 1
49 80 16 1
49 76 3 1
49 180 9 1
49 141 20 1
49 169 6 1
49 62 2 1
49 162 13 1
49 111 16 1
49 173 10 1
49 173 8 1
49 151 20 1
49 154 17 1
49 174 11 1
49 157 12 1
49 167 2 1
49 64 2 1
49 124 15 1
49 170 7 1
49 134 15 1
49 179 12 1
49 49 1 1
49 191 2 1
49 119 3 1
49 104 1 1
49 105 12 1
49 189 9 1
49 191 9 1
49 141 5 1
49 97 10 1
49 108 12 1
49 111 3 1
49 185 2 1
49 99 7 1
50 76 3 1
50 185 13 1
50 136 9 1
50 172 6 1
50 142 1 1
50 186 20 1
50 104 19 1
50 69 10 1
50 116 17 1
50 164 16 1
50 112 4 1
50 181 11 1
50 84 14 1
50 168 3 1
50 180 8 1
50 152 8 1
50 153 11 1
50 108 4 1
50 101 13 1
50 122 16 1
50 123 10 1
50 100 15 1
50 156 16 1
50 178 14 1
50 162 13 1
50 140 13 1
50 116 11 1
50 154 18 1
50 127 19 1
50 160 1 1
51 154 16 1
51 85 15 1
51 149 15 1
51 103 1 1
51 89 5 1
51 185 8 1
51 98 9 1
51 115 13 1
51 132 17 1
51 187 7 1
51 109 19 1
51 176 16 1
51 80 6 1
51 73 19 1
51 91 2 1
51 159 9 1
51 75 12 1
51 189 19 1
51 148 2 1
51 137 20 1
51 60 3 1
51 171 3 1
51 141 9 1
51 192 13 1
51 183 19 1
51 122 17 1
51 96 10 1
51 117 10 1
51 119 4 1
51 64 2 1
51 59 1 1
51 99 16 1
51 145 8 1
51 97 14 1
51 97 10 1
51 62 5 1
51 86 17 1
51 185 10 1
51 67 16 1
51 77 3 1
52 54 2 1
52 54 3 1
52 88 1 1
52 158 20 1
52 165 14 1
52 165 7 1
52 160 16 1
52 127 13 1
52 141 15 1
52 167 14 1
52 67 1 1
52 74 11 1
52 189 18 1
52 93 18 1
52 97 6 1
52 56 3 1
53 109 8 1
53 141 5 1
53 114 13 1
53 168 4 1
53 155 18 1
53 93 18 1
53 91 10 1
53 153 2 1
53 111 11 1
53 190 3 1
53 173 15 1
53 75 19 1
53 100 2 1
53 104 6 1
53 80 14 1
53 176 5 1
53 129 15 1
53 87 8 1
53 149 2 1
53 80 15 1
54 88 17 1
54 191 10 1
54 98 4 1
54 191 13 1
54 87 16 1
54 133 19 1
54 132 13 1
55 166 10 1
55 115 10 1
55 147 18 1
55 111 3 1
55 124 18 1
55 183 17 1
55 136 14 1
55 58 3 1
55 152 3 1
55 58 4 1
55 58 2 1
55 163 14 1
55 103 9 1
55 177 17 1
55 136 12 1
55 126 19 1
56 105 14 1
56 104 16 1
56 167 12 1
56 129 10 1
56 71 5 1
56 86 15 1
56 184 2 1
56 90 7 1
56 184 5 1
56 111 18 1
56 106 15 1
56 80 11 1
56 70 6 1
56 113 16 1
56 177 3 1
56 118 13 1
56 119 9 1
56 134 13 1
56 63 7 1
56 98 13 1
56 172 17 1
56 159 1 1
56 78 6 1
56 172 10 1
56 138 15 1
56 128 16 1
56 109 20 1
56 127 8 1
56 165 15 1
56 91 13 1
56 154 19 1
56 177 14 1
56 176 1 1
56 109 1 1
56 145 3 1
56 137 19 1
56 152 13 1
56 64 8 1
56 171 3 1
56 130 14 1
56 187 6 1
56 132 20 1
56 71 7 1
56 79 1 1
56 144 19 1
56 164 12 1
56 164 8 1
56 160 9 1
56 97 8 1
56 89 16 1
56 97 5 1
56 183 13 1
56 88 2 1
56 87 9 1
56 112 17 1
56 95 5 1
56 99 7 1
56 137 16 1
56 132 19 1
56 157 1 1
56 58 2 1
56 74 8 1
56 176 2 1
56 82 9 1
56 117 20 1
56 87 13 1
56 64 4 1
56 119 14 1
56 113 16 1
56 147 13 1
56 58 2 1
56 127 9 1
56 160 5 1
57 154 7 1
57 62 2 1
57 151 13 1
57 124 11 1
57 75 15 1
57 120 1 1
57 130 12 1
57 174 8 1
57 184 8 1
57 122 17 1
57 146 18 1
57 90 17 1
57 64 1 1
58 130 19 1
58 107 20 1
58 160 1 1
58 183 13 1
58 79 10 1
58 162 2 1
58 90 2 1
58 144 20 1
58 169 8 1
58 122 20 1
58 125 8 1
58 122 11 1
58 96 13 1
58 191 20 1
58 58 1 1
58 116 5 1
58 130 20 1
58 188 16 1
58 178 4 1
59 150 3 1
59 115 19 1
59 141 20 1
59 191 19 1
59 189 4 1
59 124 20 1
59 129 6 1
59 83 6 1
59 107 9 1
59 109 11 1
59 158 2 1
59 142 2 1
59 170 6 1
59 179 3 1
59 95 8 1
59 188 1 1
59 145 14 1
59 118 11 1
59 66 4 1
59 78 8 1
59 114 15 1
59 77 7 1
59 98 2 1
59 153 16 1
59 61 2 1
59 65 7 1
59 113 9 1
59 170 8 1
59 66 4 1
59 92 14 1
59 133 20 1
59 113 7 1
59 163 8 1
59 186 18 1
59 142 14 1
59 160 3 1
59 133 5 1
59 70 2 1
59 113 9 1
59 68 9 1
59 124 6 1
59 181 17 1
59 135 4 1
59 181 11 1
59 168 13 1
59 175 20 1
59 158 9 1
59 98 16 1
59 67 8 1
59 161 5 1
59 91 9 1
59 65 3 1
59 101 14 1
59 187 4 1
59 150 4 1
59 59 1 1
59 177 17 1
59 118 20 1
59 68 6 1
59 166 5 1
59 143 18 1
59 135 16 1
59 137 19 1
59 169 10 1
59 118 15 1
59 176 17 1
59 113 2 1
59 188 3 1
59 96 11 1
59 166 7 1
59 148 2 1
59 120 15 1
59 171 5 1
59 179 7 1
59 170 3 1
59 156 5 1
59 122 15 1
59 122 8 1
59 175 5 1
59 101 17 1
59 176 5 1
59 142 12 1
59 89 17 1
59 139 13 1
59 130 11 1
59 160 8 1
59 98 7 1
59 182 15 1
59 177 1 1
59 180 14 1
59 150 16 1
59 114 4 1
59 97 9 1
59 125 14 1
59 131 14 1
59 87 4 1
59 181 7 1
59 177 7 1
59 108 16 1
59 68 10 1
59 172 10 1
59 122 6 1
59 79 3 1
59 73 3 1
59 102 9 1
59 187 4 1
59 84 9 1
59 68 7 1
59 165 2 1
59 93 12 1
59 171 19 1
59 152 18 1
59 112 16 1
59 100 5 1
59 126 18 1
59 178 17 1
59 181 3 1
59 183 4 1
59 68 7 1
59 142 18 1
59 115 6 1
59 92 10 1
59 111 7 1
59 77 6 1
59 71 2 1
59 143 14 1
59 188 20 1
59 128 5 1
59 112 13 1
59 74 5 1
59 141 18 1
59 172 11 1
59 116 12 1
60 113 15 1
60 151 14 1
60 173 8 1
60 77 16 1
60 131 4 1
60 167 11 1
60 159 4 1
60 156 4 1
60 173 16 1
60 67 5 1
60 140 15 1
60 123 11 1
60 128 9 1
60 152 15 1
60 65 5 1
60 123 11 1
60 164 13 1
60 149 19 1
60 165 12 1
60 132 17 1
60 180 6 1
60 150 2 1
60 160 9 1
60 158 19 1
60 105 9 1
60 120 2 1
60 180 15 1
60 112 15 1
60 186 6 1
60 106 2 1
60 128 9 1
60 120 9 1
60 188 2 1
60 164 10 1
61 134 8 1
61 146 4 1
61 138 5 1
61 184 16 1
61 109 12 1
61 135 11 1
61 79 18 1
61 156 4 1
61 180 13 1
62 97 14 1
62 148 13 1
62 129 6 1
62 132 13 1
62 86 12 1
62 85 13 1
62 169 12 1
62 153 7 1
62 180 13 1
62 192 13 1
62 148 3 1
62 183 17 1
62 156 12 1
62 93 1 1
62 114 20 1
62 73 2 1
62 77 7 1
62 136 4 1
62 174 4 1
62 124 6 1
62 168 12 1
62 177 5 1
62 136 13 1
63 83 14 1
63 154 1 1
63 107 6 1
64 167 7 1
64 139 19 1
64 72 6 1
64 145 8 1
64 133 3 1
64 191 6 1
64 173 11 1
64 187 10 1
64 81 8 1
64 130 3 1
64 87 15 1
64 121 9 1
64 104 16 1
64 101 3 1
64 64 1 1
64 155 7 1
64 148 15 1
65 127 11 1
65 75 1 1
65 150 6 1
65 98 7 1
65 151 18 1
65 133 10 1
65 192 19 1
65 177 19 1
65 81 15 1
65 76 4 1
65 143 3 1
65 89 20 1
65 179 1 1
65 99 3 1
65 93 8 1
65 192 18 1
65 100 13 1
65 106 15 1
66 149 10 1
66 149 4 1
66 84 6 1
66 114 18 1
66 172 20 1
66 160 20 1
66 114 1 1
66 173 15 1
66 77 8 1
66 179 6 1
66 85 14 1
66 141 17 1
66 153 15 1
66 135 17 1
66 191 3 1
66 189 12 1
66 99 4 1
66 148 1 1
66 104 20 1
66 131 17 1
66 126 9 1
66 77 3 1
66 86 13 1
66 112 19 1
66 167 14 1
66 88 16 1
66 172 8 1
66 131 17 1
66 146 20 1
66 84 16 1
67 93 18 1
67 146 20 1
67 131 12 1
67 110 10 1
67 94 2 1
67 172 3 1
67 183 4 1
67 86 19 1
67 165 8 1
67 108 18 1
67 67 1 1
67 180 5 1
67 140 8 1
67 189 8 1
67 72 2 1
67 98 9 1
67 116 12 1
67 124 10 1
67 123 7 1
67 119 12 1
67 98 19 1
67 85 17 1
67 82 3 1
68 72 2 1
68 190 6 1
68 157 11 1
68 121 3 1
68 140 19 1
68 92 12 1
68 159 4 1
68 140 10 1
68 170 10 1
68 169 20 1
68 177 3 1
68 103 18 1
68 91 10 1
68 127 20 1
68 144 17 1
68 125 18 1
68 179 18 1
68 86 17 1
68 106 4 1
68 84 14 1
68 136 16 1
68 163 14 1
68 68 1 1
68 103 8 1
68 117 20 1
68 87 14 1
68 116 3 1
68 77 3 1
68 181 14 1
68 177 1 1
68 186 15 1
68 180 2 1
68 181 13 1
68 77 8 1
68 186 7 1
68 167 2 1
68 69 2 1
68 70 3 1
68 180 12 1
68 151 15 1
68 169 1 1
68 141 16 1
68 109 12 1
68 141 7 1
68 123 4 1
68 158 3 1
68 121 6 1
68 94 14 1
68 158 16 1
68 80 13 1
68 162 1 1
69 179 16 1
69 89 12 1
69 186 13 1
69 174 10 1
69 107 1 1
69 120 10 1
69 96 20 1
69 154 20 1
69 76 4 1
69 137 1 1
69 156 13 1
69 102 15 1
69 169 10 1
69 148 7 1
69 140 6 1
69 81 1 1
69 165 13 1
69 101 14 1
69 172 20 1
69 187 18 1
69 81 9 1
69 186 20 1
70 176 10 1
70 155 1 1
70 187 1 1
70 74 1 1
70 187 11 1
70 117 3 1
70 80 11 1
70 137 19 1
70 122 6 1
70 120 4 1
70 149 13 1
70 149 15 1
70 114 18 1
70 101 14 1
70 102 4 1
72 130 1 1
72 146 4 1
72 188 7 1
72 90 17 1
72 118 10 1
72 73 1 1
72 72 1 1
72 182 16 1
72 190 20 1
72 140 12 1
72 127 18 1
72 85 14 1
72 159 11 1
72 74 1 1
72 100 5 1
72 191 6 1
72 154 11 1
72 114 7 1
72 107 6 1
72 97 18 1
72 116 6 1
72 166 5 1
72 141 1 1
72 115 17 1
72 79 6 1
72 167 15 1
72 74 1 1
72 83 1 1
73 129 16 1
73 96 4 1
73 83 10 1
73 139 9 1
73 76 1 1
73 190 9 1
73 172 4 1
73 168 10 1
73 79 4 1
73 170 13 1
73 82 1 1
73 73 1 1
73 172 8 1
73 133 18 1
73 177 7 1
73 108 6 1
73 116 5 1
73 132 7 1
73 172 9 1
73 164 14 1
73 128 9 1
73 132 7 1
73 188 9 1
73 118 4 1
73 185 17 1
73 82 1 1
73 152 11 1
73 73 1 1
73 130 4 1
73 167 6 1
73 78 1 1
73 91 2 1
73 156 5 1
73 153 5 1
73 111 17 1
73 95 11 1
73 162 14 1
73 133 15 1
73 102 7 1
73 113 15 1
73 163 1 1
74 125 6 1
75 164 6 1
75 128 17 1
75 142 8 1
75 121 11 1
75 80 6 1
75 187 18 1
75 89 1 1
75 172 10 1
75 185 11 1
75 178 7 1
75 77 2 1
75 126 8 1
75 176 5 1
75 84 7 1
75 107 2 1
75 101 6 1
75 167 3 1
75 181 1 1
75 87 6 1
75 105 4 1
75 159 13 1
76 163 19 1
76 87 1 1
76 163 4 1
76 95 16 1
76 166 11 1
76 141 13 1
76 165 8 1
76 79 4 1
77 95 11 1
77 127 8 1
77 124 2 1
77 99 5 1
77 159 8 1
77 158 13 1
77 77 1 1
77 152 10 1
77 163 1 1
77 168 19 1
77 95 14 1
77 137 11 1
78 101 11 1
78 94 10 1
78 170 8 1
78 87 8 1
78 129 20 1
78 96 18 1
78 159 7 1
78 84 6 1
78 84 7 1
78 112 3 1
78 139 16 1
78 101 18 1
78 97 18 1
78 90 3 1
78 132 10 1
78 138 4 1
78 181 19 1
78 190 12 1
78 120 12 1
78 145 7 1
78 83 4 1
78 185 5 1
78 129 3 1
78 119 8 1
78 161 13 1
78 115 10 1
78 184 18 1
78 163 15 1
78 170 2 1
78 188 17 1
78 161 4 1
78 97 9 1
78 169 3 1
78 103 11 1
78 80 3 1
78 130 3 1
78 171 6 1
78 145 8 1
78 125 13 1
78 186 6 1
79 139 8 1
79 121 2 1
79 118 1 1
79 146 15 1
79 118 19 1
79 176 12 1
79 115 12 1
79 125 18 1
79 164 6 1
79 148 10 1
80 181 14 1
80 107 8 1
80 157 3 1
80 106 8 1
80 162 1 1
80 139 13 1
80 80 1 1
80 123 5 1
80 166 5 1
80 192 9 1
80 100 20 1
80 82 1 1
80 130 8 1
80 128 16 1
80 93 5 1
80 116 20 1
80 88 6 1
80 145 11 1
80 158 12 1
80 133 17 1
80 120 10 1
80 91 4 1
80 132 17 1
80 161 7 1
81 145 17 1
81 173 2 1
81 125 7 1
81 132 17 1
81 191 11 1
81 173 5 1
81 113 16 1
81 191 6 1
81 132 19 1
81 92 4 1
81 178 9 1
82 149 15 1
82 174 11 1
82 112 7 1
82 109 18 1
82 96 7 1
82 161 13 1
82 106 9 1
82 146 17 1
82 170 15 1
83 185 12 1
83 182 8 1
83 163 17 1
83 126 11 1
83 160 7 1
83 169 5 1
83 182 4 1
83 171 11 1
83 184 20 1
83 124 8 1
83 146 10 1
83 182 16 1
83 185 10 1
83 109 16 1
83 181 8 1
83 143 4 1
83 179 11 1
83 176 3 1
83 102 16 1
83 110 5 1
83 124 17 1
83 163 6 1
83 127 6 1
83 95 3 1
83 101 17 1
83 135 1 1
83 123 15 1
83 178 2 1
83 96 12 1
83 93 10 1
83 168 14 1
83 168 10 1
83 127 18 1
83 106 18 1
83 172 7 1
83 154 8 1
83 134 6 1
83 106 19 1
83 163 2 1
83 118 1 1
83 167 4 1
83 88 1 1
83 171 20 1
83 143 20 1
83 181 9 1
83 162 12 1
83 106 2 1
83 152 20 1
83 177 14 1
83 115 1 1
83 135 9 1
83 127 5 1
83 174 5 1
83 166 15 1
83 174 16 1
83 84 2 1
83 148 9 1
83 165 15 1
83 87 4 1
83 176 3 1
83 101 14 1
83 106 2 1
83 97 7 1
83 89 2 1
83 173 2 1
83 158 8 1
83 121 13 1
83 151 16 1
83 186 18 1
83 109 9 1
83 102 10 1
83 116 8 1
83 150 10 1
83 163 19 1
83 91 9 1
83 149 2 1
83 184 14 1
83 190 7 1
83 191 14 1
83 184 16 1
83 108 19 1
83 174 20 1
83 146 5 1
83 147 18 1
83 180 9 1
83 185 1 1
83 101 17 1
83 138 13 1
84 98 6 1
84 115 9 1
84 180 5 1
84 125 8 1
84 150 13 1
84 165 18 1
84 152 14 1
84 85 2 1
84 167 14 1
85 161 8 1
85 151 4 1
85 126 11 1
85 101 16 1
85 136 7 1
85 165 9 1
85 110 2 1
85 179 20 1
85 179 14 1
85 119 3 1
85 91 3 1
85 156 3 1
85 116 14 1
85 163 18 1
85 107 7 1
86 129 5 1
86 111 8 1
87 116 3 1
87 181 18 1
87 168 19 1
87 125 2 1
87 177 9 1
87 176 16 1
87 130 6 1
87 152 14 1
87 138 16 1
87 156 14 1
87 174 13 1
87 130 20 1
87 154 13 1
87 98 1 1
87 105 12 1
87 106 1 1
87 155 7 1
87 160 15 1
87 184 3 1
87 122 3 1
87 184 8 1
87 123 12 1
87 129 11 1
87 188 19 1
87 105 3 1
87 119 16 1
87 117 11 1
87 172 6 1
87 168 7 1
87 189 2 1
87 115 17 1
87 100 4 1
87 166 5 1
87 163 14 1
87 175 2 1
87 168 12 1
87 97 6 1
87 102 3 1
88 102 12 1
88 113 10 1
88 143 13 1
88 189 15 1
88 171 9 1
88 112 11 1
88 127 12 1
88 175 8 1
88 139 10 1
88 170 19 1
88 97 3 1
88 183 11 1
88 132 16 1
88 93 4 1
88 89 1 1
88 164 10 1
88 148 5 1
88 143 1 1
88 90 3 1
88 190 16 1
88 180 5 1
88 182 12 1
88 158 3 1
88 101 6 1
88 151 6 1
88 159 7 1
88 181 2 1
88 91 2 1
88 100 12 1
88 176 14 1
89 137 14 1
89 102 11 1
89 133 13 1
89 146 9 1
89 140 12 1
89 143 11 1
89 125 2 1
89 160 8 1
89 154 9 1
90 136 17 1
90 110 13 1
90 139 7 1
90 137 19 1
90 97 5 1
90 168 1 1
90 100 4 1
90 122 18 1
90 176 2 1
90 182 20 1
90 97 2 1
90 157 7 1
90 151 19 1
90 163 6 1
90 136 10 1
90 187 2 1
90 141 20 1
90 127 2 1
90 163 10 1
90 118 1 1
90 173 1 1
90 141 1 1
90 129 4 1
90 166 7 1
90 92 3 1
90 117 10 1
90 186 11 1
91 123 12 1
91 110 15 1
91 141 17 1
91 163 4 1
91 103 10 1
91 186 7 1
91 129 14 1
91 154 7 1
91 120 14 1
91 168 16 1
91 131 11 1
92 147 7 1
92 129 4 1
92 185 6 1
92 152 4 1
92 161 14 1
92 145 5 1
93 178 19 1
93 101 9 1
93 142 4 1
93 175 5 1
93 93 1 1
93 190 8 1
93 184 7 1
93 102 7 1
93 115 10 1
93 120 16 1
93 94 2 1
93 127 9 1
93 178 3 1
93 101 6 1
93 111 17 1
93 149 2 1
93 120 12 1
93 97 4 1
93 128 1 1
93 171 20 1
93 98 3 1
93 143 3 1
93 164 1 1
93 120 16 1
93 155 16 1
93 107 7 1
93 112 16 1
93 113 17 1
93 112 16 1
93 136 7 1
93 161 14 1
93 180 9 1
93 109 17 1
94 188 3 1
94 188 18 1
94 152 5 1
94 116 16 1
95 142 18 1
95 172 11 1
95 107 12 1
95 190 16 1
95 133 14 1
95 129 2 1
95 188 2 1
95 189 3 1
95 119 10 1
95 153 12 1
95 183 16 1
95 185 9 1
95 135 5 1
95 154 11 1
95 141 15 1
96 124 8 1
96 99 1 1
96 101 6 1
96 109 11 1
96 135 6 1
96 154 8 1
96 121 4 1
96 170 11 1
96 104 6 1
96 111 13 1
96 105 6 1
96 178 12 1
97 125 18 1
97 125 6 1
97 174 4 1
97 138 15 1
97 167 1 1
97 164 9 1
97 99 2 1
97 117 16 1
97 104 5 1
97 127 3 1
97 117 15 1
97 181 8 1
97 126 14 1
97 175 16 1
97 124 16 1
97 116 2 1
97 190 17 1
97 118 15 1
97 150 16 1
97 122 20 1
97 120 13 1
97 163 15 1
97 110 12 1
97 146 12 1
97 107 4 1
97 129 6 1
97 173 6 1
97 144 2 1
97 184 15 1
97 103 2 1
97 147 9 1
97 121 10 1
97 163 8 1
97 173 16 1
97 192 12 1
97 130 8 1
97 109 13 1
97 175 15 1
97 161 20 1
97 185 10 1
97 179 8 1
97 155 12 1
97 146 16 1
97 98 2 1
97 109 9 1
97 173 14 1
97 125 11 1
97 99 2 1
97 147 8 1
97 131 19 1
97 179 9 1
97 138 19 1
97 186 18 1
97 159 6 1
97 138 6 1
97 182 3 1
97 113 3 1
97 130 14 1
97 150 17 1
97 119 20 1
97 143 14 1
99 189 3 1
99 167 7 1
99 153 16 1
99 148 2 1
99 172 12 1
99 148 18 1
99 108 2 1
99 106 1 1
99 150 19 1
99 168 3 1
99 139 4 1
99 150 11 1
99 185 8 1
99 112 3 1
99 190 7 1
99 110 11 1
99 101 2 1
99 144 15 1
99 190 2 1
99 113 12 1
99 191 2 1
99 160 4 1
99 105 5 1
99 150 16 1
99 157 15 1
100 100 1 1
100 116 17 1
100 180 3 1
100 186 7 1
100 117 11 1
100 143 5 1
100 118 14 1
100 181 19 1
100 157 8 1
100 122 16 1
100 104 5 1
100 151 3 1
100 162 6 1
100 117 3 1
100 101 2 1
100 186 13 1
100 175 5 1
100 180 9 1
100 122 3 1
100 153 8 1
100 141 18 1
100 145 13 1
100 158 3 1
100 160 15 1
100 167 20 1
100 123 16 1
100 186 7 1
100 165 15 1
100 159 16 1
100 109 10 1
100 155 13 1
100 181 2 1
100 116 5 1
100 117 5 1
100 188 3 1
100 112 11 1
101 153 5 1
101 174 5 1
101 144 4 1
101 173 11 1
101 183 11 1
101 187 2 1
101 187 16 1
101 110 10 1
103 115 1 1
103 109 5 1
103 184 4 1
103 125 20 1
103 107 2 1
103 190 6 1
103 138 5 1
103 126 16 1
103 127 16 1
103 169 2 1
103 125 5 1
103 181 20 1
103 158 2 1
103 133 10 1
104 157 16 1
104 114 5 1
104 181 5 1
104 133 18 1
104 117 7 1
104 126 10 1
104 178 3 1
104 138 10 1
104 149 19 1
104 164 17 1
105 182 5 1
105 148 9 1
105 159 17 1
105 135 7 1
105 165 10 1
105 179 20 1
105 149 6 1
105 190 18 1
105 144 12 1
105 156 1 1
105 117 2 1
105 146 4 1
105 188 18 1
105 160 18 1
105 126 8 1
105 158 6 1
105 129 15 1
105 176 18 1
105 131 1 1
105 108 2 1
105 159 7 1
105 159 10 1
105 106 2 1
105 184 7 1
105 115 1 1
105 161 8 1
105 149 4 1
105 158 14 1
105 150 17 1
105 168 9 1
105 114 2 1
105 156 12 1
105 183 5 1
105 107 3 1
105 191 5 1
105 106 1 1
105 192 1 1
105 168 15 1
105 186 16 1
105 177 10 1
105 133 16 1
105 170 7 1
105 146 15 1
105 179 20 1
105 123 6 1
105 122 18 1
105 126 6 1
105 153 3 1
105 162 1 1
105 141 10 1
105 188 8 1
105 147 8 1
105 192 3 1
105 144 19 1
105 172 15 1
105 145 19 1
105 141 2 1
105 175 17 1
105 182 4 1
106 173 12 1
106 154 8 1
106 166 6 1
107 154 1 1
107 180 9 1
107 134 3 1
107 179 6 1
107 191 19 1
107 154 1 1
107 119 9 1
107 138 17 1
107 185 6 1
107 192 8 1
107 185 8 1
107 189 6 1
107 165 13 1
107 114 5 1
107 155 13 1
107 168 10 1
107 114 8 1
107 177 6 1
107 172 13 1
107 137 10 1
107 120 14 1
107 130 10 1
107 160 20 1
107 126 19 1
107 189 12 1
107 179 20 1
107 129 5 1
107 179 14 1
107 152 15 1
107 143 18 1
107 143 15 1
108 185 10 1
108 151 12 1
108 150 12 1
108 112 5 1
108 136 6 1
108 134 20 1
108 188 19 1
108 184 13 1
108 178 15 1
108 122 12 1
108 159 13 1
108 190 7 1
108 117 1 1
108 118 8 1
108 176 2 1
108 121 1 1
108 148 18 1
108 126 8 1
108 186 14 1
108 125 15 1
108 148 16 1
109 140 20 1
109 190 11 1
109 173 7 1
109 126 1 1
109 147 1 1
109 154 15 1
109 158 15 1
109 168 20 1
109 122 3 1
109 142 13 1
109 184 13 1
109 178 15 1
109 126 6 1
109 121 7 1
109 118 9 1
109 131 14 1
109 153 4 1
109 162 12 1
109 145 9 1
109 136 15 1
109 176 7 1
109 184 10 1
109 137 17 1
109 177 2 1
110 116 1 1
111 143 17 1
111 123 11 1
111 170 15 1
111 175 11 1
111 124 3 1
111 117 4 1
111 192 18 1
111 173 3 1
111 144 3 1
111 145 5 1
111 175 16 1
111 158 7 1
111 191 2 1
111 162 16 1
111 160 10 1
111 157 14 1
111 153 1 1
111 135 13 1
111 142 19 1
111 129 18 1
111 177 11 1
112 144 3 1
112 124 12 1
112 144 8 1
112 165 5 1
112 149 11 1
112 179 1 1
112 152 16 1
112 129 11 1
112 144 18 1
112 187 9 1
112 165 6 1
112 113 2 1
112 138 11 1
112 177 3 1
112 117 3 1
112 147 20 1
112 190 12 1
112 191 6 1
112 120 4 1
112 140 8 1
112 174 4 1
112 149 14 1
112 148 14 1
112 122 5 1
112 171 5 1
112 121 8 1
112 166 6 1
112 148 2 1
112 155 16 1
112 186 16 1
112 118 2 1
112 173 16 1
113 143 11 1
113 164 3 1
113 131 2 1
113 133 5 1
113 135 2 1
114 171 17 1
114 143 18 1
114 165 14 1
114 176 20 1
114 136 15 1
114 180 6 1
114 165 6 1
114 171 9 1
114 172 5 1
114 119 3 1
114 188 10 1
114 115 1 1
114 144 2 1
114 130 4 1
114 149 4 1
114 125 8 1
114 147 19 1
114 120 7 1
114 175 1 1
114 145 6 1
114 167 2 1
114 127 4 1
114 145 7 1
114 144 3 1
114 130 14 1
114 130 8 1
114 146 1 1
114 136 13 1
114 154 16 1
114 176 3 1
114 186 9 1
114 129 6 1
114 176 1 1
114 137 4 1
114 188 9 1
114 176 10 1
114 121 2 1
114 176 11 1
114 129 6 1
114 135 19 1
114 119 3 1
114 123 3 1
115 118 3 1
115 143 20 1
115 188 15 1
115 161 5 1
115 147 15 1
115 145 11 1
115 140 20 1
115 123 2 1
115 187 9 1
115 167 12 1
115 127 12 1
115 117 3 1
115 158 10 1
116 160 13 1
116 180 2 1
117 120 2 1
117 130 9 1
117 168 6 1
117 143 7 1
117 131 15 1
117 143 9 1
117 136 11 1
117 181 5 1
117 173 20 1
117 181 7 1
117 146 10 1
117 180 14 1
117 188 20 1
117 161 9 1
117 188 14 1
117 135 10 1
117 146 10 1
117 139 11 1
117 128 5 1
117 118 1 1
117 192 9 1
117 181 18 1
117 184 12 1
117 173 9 1
117 168 5 1
117 145 16 1
117 121 5 1
117 166 12 1
117 176 14 1
117 188 5 1
117 161 8 1
117 165 4 1
117 150 10 1
118 184 20 1
118 129 7 1
118 170 11 1
118 142 2 1
118 172 13 1
118 134 17 1
119 172 10 1
119 192 18 1
119 142 16 1
119 127 9 1
119 129 6 1
119 186 19 1
119 161 2 1
119 167 4 1
119 129 6 1
120 175 17 1
120 154 11 1
121 147 15 1
121 164 19 1
121 163 8 1
121 179 3 1
121 133 10 1
121 131 11 1
121 160 3 1
121 177 18 1
121 125 4 1
121 132 12 1
121 168 4 1
121 136 14 1
121 130 2 1
121 149 15 1
121 187 18 1
121 126 6 1
121 188 13 1
121 184 11 1
121 133 2 1
121 162 12 1
121 157 1 1
121 165 10 1
121 142 19 1
121 173 10 1
121 122 1 1
121 174 1 1
121 135 14 1
121 182 5 1
121 162 15 1
121 126 6 1
121 134 4 1
121 121 1 1
121 181 5 1
121 151 6 1
121 159 8 1
121 164 18 1
121 155 20 1
121 163 20 1
121 121 1 1
121 170 13 1
121 190 14 1
121 189 13 1
122 152 11 1
122 149 16 1
122 132 8 1
122 187 17 1
122 163 20 1
122 169 18 1
122 167 9 1
122 146 10 1
122 129 6 1
122 184 18 1
122 141 6 1
123 161 11 1
123 148 19 1
123 152 3 1
123 173 18 1
123 151 19 1
123 174 10 1
123 131 7 1
123 161 5 1
123 183 17 1
123 137 13 1
123 161 1 1
123 175 11 1
123 152 17 1
123 131 4 1
123 190 9 1
123 185 2 1
123 154 3 1
123 146 3 1
123 164 7 1
123 179 13 1
123 179 4 1
123 178 20 1
123 191 2 1
123 169 19 1
123 123 1 1
123 166 20 1
123 142 15 1
124 154 8 1
124 186 5 1
124 139 14 1
124 156 9 1
124 177 11 1
124 183 16 1
125 182 1 1
125 130 1 1
125 146 19 1
125 185 9 1
126 172 14 1
126 156 9 1
126 131 3 1
126 132 2 1
126 159 12 1
126 140 15 1
126 187 9 1
126 190 11 1
126 186 7 1
126 160 13 1
126 129 3 1
126 155 9 1
126 180 15 1
126 134 7 1
126 135 5 1
126 145 7 1
126 155 17 1
126 178 13 1
126 148 4 1
126 181 16 1
126 157 18 1
127 144 4 1
127 162 9 1
127 157 15 1
127 178 16 1
127 177 20 1
127 151 8 1
127 157 12 1
127 179 3 1
127 160 13 1
127 172 1 1
127 144 2 1
127 174 14 1
127 162 9 1
127 143 4 1
127 141 11 1
127 179 8 1
127 164 14 1
127 152 4 1
127 141 2 1
127 175 8 1
127 157 12 1
127 155 12 1
127 135 5 1
127 178 12 1
127 151 13 1
127 159 13 1
127 163 18 1
127 169 1 1
127 129 1 1
127 179 2 1
127 151 2 1
127 143 2 1
127 146 7 1
127 143 12 1
127 152 16 1
127 169 2 1
127 133 1 1
127 151 14 1
127 152 4 1
127 183 3 1
127 138 10 1
127 136 9 1
127 181 10 1
127 153 9 1
127 141 1 1
127 145 2 1
127 138 10 1
127 161 12 1
127 169 14 1
127 181 5 1
127 143 9 1
127 175 8 1
127 151 16 1
127 177 4 1
127 181 7 1
127 174 10 1
127 129 3 1
127 139 2 1
127 138 4 1
127 144 8 1
127 165 18 1
127 161 5 1
127 139 13 1
127 138 3 1
127 164 17 1
127 129 2 1
127 149 11 1
127 154 17 1
127 164 5 1
127 137 4 1
127 170 6 1
127 146 6 1
127 132 4 1
127 147 12 1
127 154 16 1
127 190 12 1
127 128 1 1
127 163 5 1
127 140 6 1
127 180 7 1
127 130 2 1
127 167 12 1
127 185 12 1
127 127 1 1
127 178 15 1
127 154 13 1
127 157 3 1
127 160 12 1
127 173 12 1
127 131 1 1
127 142 15 1
127 170 9 1
127 135 8 1
127 177 7 1
127 189 19 1
127 151 10 1
127 133 4 1
127 174 15 1
127 181 15 1
128 163 20 1
128 174 10 1
128 191 7 1
128 175 6 1
128 145 17 1
128 172 13 1
128 160 6 1
128 128 1 1
128 131 2 1
128 151 20 1
128 131 1 1
128 177 11 1
128 137 8 1
128 192 2 1
128 178 16 1
128 140 7 1
128 176 5 1
128 192 2 1
128 161 15 1
128 138 8 1
128 167 4 1
128 156 3 1
128 178 4 1
128 169 8 1
128 139 12 1
128 176 12 1
128 190 18 1
128 148 16 1
128 142 2 1
129 191 10 1
129 147 8 1
129 176 15 1
129 139 6 1
129 186 14 1
129 192 3 1
129 182 14 1
129 165 3 1
129 150 11 1
129 161 2 1
129 162 11 1
129 133 5 1
129 189 9 1
129 136 5 1
129 146 14 1
130 146 8 1
130 147 18 1
131 192 15 1
131 152 11 1
131 167 3 1
131 135 5 1
131 187 11 1
131 157 11 1
131 145 9 1
131 149 2 1
131 175 10 1
131 133 3 1
131 192 2 1
131 164 2 1
131 148 17 1
131 157 11 1
131 134 1 1
131 164 14 1
131 150 1 1
131 184 20 1
131 137 3 1
131 143 10 1
132 170 15 1
132 186 11 1
132 146 1 1
132 167 5 1
132 158 15 1
133 164 7 1
133 176 4 1
133 141 1 1
133 139 6 1
133 150 4 1
133 183 6 1
133 135 1 1
133 192 12 1
133 137 2 1
133 151 11 1
133 158 2 1
133 167 5 1
133 153 13 1
134 185 12 1
134 189 8 1
134 158 4 1
134 174 15 1
134 135 1 1
134 153 3 1
134 152 7 1
134 165 11 1
135 157 19 1
137 154 13 1
137 165 1 1
137 166 17 1
137 186 4 1
137 146 4 1
137 162 10 1
137 185 14 1
137 190 12 1
137 190 12 1
137 155 8 1
137 169 2 1
137 158 17 1
137 183 7 1
137 138 2 1
137 147 2 1
137 158 16 1
137 147 9 1
137 179 5 1
137 146 7 1
137 172 17 1
137 144 4 1
137 188 4 1
137 184 18 1
137 152 12 1
137 165 12 1
137 189 10 1
137 174 7 1
137 148 3 1
137 186 9 1
137 169 19 1
137 164 18 1
137 173 7 1
137 167 15 1
137 190 8 1
137 172 10 1
137 172 5 1
138 160 2 1
138 158 20 1
138 171 16 1
138 168 17 1
138 139 1 1
138 179 11 1
138 151 3 1
139 139 1 1
139 155 6 1
139 191 6 1
139 156 5 1
139 158 9 1
139 167 20 1
139 186 4 1
139 191 18 1
139 161 5 1
139 155 2 1
139 142 2 1
139 145 1 1
139 155 15 1
139 147 4 1
139 149 8 1
139 158 19 1
139 142 2 1
139 152 14 1
139 139 1 1
139 177 3 1
139 159 11 1
139 152 11 1
139 153 6 1
139 155 13 1
139 163 17 1
139 157 9 1
139 189 3 1
139 139 1 1
139 161 19 1
139 163 1 1
139 173 13 1
139 149 9 1
139 189 10 1
139 189 19 1
139 160 7 1
139 160 7 1
139 144 5 1
139 147 3 1
139 192 14 1
139 153 12 1
139 147 8 1
139 145 6 1
139 152 4 1
139 140 1 1
139 153 8 1
139 154 14 1
139 176 10 1
139 168 1 1
139 156 16 1
139 158 8 1
139 155 7 1
139 190 17 1
139 163 14 1
139 168 10 1
139 190 8 1
139 175 6 1
139 172 16 1
139 141 2 1
139 182 11 1
139 142 2 1
139 154 16 1
139 157 15 1
139 147 8 1
139 153 5 1
140 162 11 1
140 161 13 1
140 146 5 1
140 155 2 1
140 172 7 1
140 165 8 1
140 177 16 1
140 171 2 1
140 149 2 1
140 189 16 1
140 155 2 1
140 164 6 1
140 170 14 1
140 155 5 1
140 169 2 1
140 189 10 1
140 187 3 1
140 157 2 1
140 155 3 1
140 177 17 1
140 172 4 1
140 168 6 1
140 175 7 1
140 168 1 1
140 149 2 1
140 184 8 1
140 184 14 1
140 149 10 1
140 174 8 1
140 155 14 1
140 148 1 1
140 181 16 1
140 189 7 1
140 149 10 1
140 141 1 1
140 177 19 1
140 140 1 1
140 188 6 1
140 191 7 1
140 154 13 1
140 186 19 1
140 179 13 1
140 188 18 1
140 172 6 1
140 189 15 1
140 187 6 1
140 170 15 1
140 146 4 1
140 143 2 1
140 173 16 1
140 153 13 1
140 171 3 1
140 173 14 1
140 154 7 1
140 163 2 1
140 157 6 1
140 146 1 1
140 165 12 1
140 174 12 1
140 170 18 1
140 192 7 1
141 144 3 1
141 190 12 1
141 165 5 1
141 148 5 1
141 166 7 1
141 179 10 1
141 177 1 1
141 150 9 1
141 173 14 1
141 177 5 1
141 155 11 1
141 182 8 1
141 154 7 1
141 164 19 1
141 165 5 1
141 159 18 1
141 151 8 1
141 190 6 1
141 180 3 1
141 159 10 1
141 143 1 1
141 152 6 1
141 167 13 1
141 190 7 1
141 165 2 1
141 166 7 1
141 169 18 1
141 191 1 1
141 190 3 1
141 147 1 1
141 190 2 1
141 153 1 1
142 157 1 1
142 146 1 1
142 189 9 1
142 153 3 1
142 167 19 1
142 179 11 1
143 145 2 1
143 164 4 1
143 159 16 1
143 155 5 1
143 161 5 1
143 147 3 1
143 189 12 1
143 175 1 1
143 182 8 1
143 161 5 1
143 173 9 1
143 161 16 1
143 185 16 1
143 174 14 1
143 184 10 1
143 191 2 1
143 151 9 1
143 161 7 1
143 167 9 1
143 171 18 1
143 187 3 1
143 190 5 1
143 184 11 1
143 162 7 1
143 160 11 1
143 145 2 1
143 163 14 1
143 184 8 1
143 152 3 1
143 143 1 1
143 190 20 1
143 181 2 1
143 152 4 1
143 178 3 1
143 182 2 1
143 157 13 1
143 164 16 1
143 190 20 1
143 169 6 1
143 178 1 1
143 173 14 1
143 161 11 1
143 185 20 1
143 183 18 1
143 146 3 1
143 184 1 1
143 175 17 1
143 170 15 1
143 183 20 1
143 160 11 1
144 179 3 1
144 151 2 1
144 192 17 1
144 187 5 1
144 185 15 1
144 178 1 1
144 181 20 1
144 163 10 1
144 185 19 1
144 165 11 1
144 167 6 1
144 169 9 1
144 176 12 1
144 147 2 1
144 144 1 1
144 175 7 1
144 185 11 1
144 182 1 1
144 182 1 1
144 166 7 1
144 191 15 1
144 189 20 1
144 166 17 1
144 190 9 1
144 160 14 1
144 152 4 1
144 154 8 1
144 174 4 1
144 187 17 1
144 173 6 1
144 151 6 1
144 151 6 1
144 163 6 1
144 147 3 1
144 161 12 1
144 144 1 1
144 172 7 1
144 150 3 1
144 150 1 1
144 174 14 1
144 168 17 1
144 165 7 1
144 184 20 1
144 147 4 1
144 179 18 1
144 185 11 1
145 188 5 1
145 189 4 1
145 145 1 1
145 157 9 1
145 159 4 1
145 173 3 1
145 170 15 1
145 154 5 1
145 155 11 1
146 183 4 1
146 164 12 1
146 163 11 1
146 172 15 1
146 146 1 1
146 169 16 1
146 158 9 1
146 175 11 1
146 162 11 1
146 147 2 1
146 149 3 1
146 163 8 1
146 185 13 1
146 185 9 1
146 158 7 1
146 188 8 1
146 173 12 1
146 171 8 1
146 186 13 1
146 173 8 1
146 189 17 1
146 168 4 1
146 150 5 1
146 182 3 1
146 164 13 1
146 175 11 1
146 178 9 1
146 171 17 1
146 148 2 1
147 185 16 1
148 183 2 1
148 170 2 1
148 177 7 1
148 160 3 1
148 159 2 1
149 157 2 1
149 154 5 1
149 176 14 1
149 177 19 1
149 190 12 1
149 171 4 1
149 181 8 1
149 167 19 1
149 189 18 1
149 175 6 1
149 168 4 1
149 185 5 1
149 162 12 1
149 162 14 1
149 172 13 1
149 190 8 1
149 170 2 1
149 183 12 1
149 178 5 1
149 177 7 1
149 185 5 1
149 185 16 1
149 155 1 1
149 186 5 1
149 181 13 1
149 171 20 1
149 186 20 1
149 160 11 1
149 175 2 1
149 157 6 1
149 158 7 1
149 177 6 1
149 187 15 1
149 156 1 1
149 150 1 1
149 165 5 1
149 173 2 1
149 151 1 1
149 187 5 1
149 163 2 1
149 189 4 1
149 149 1 1
149 173 2 1
149 181 2 1
149 167 10 1
149 178 4 1
149 154 2 1
150 154 4 1
150 192 20 1
150 181 4 1
151 167 11 1
151 179 15 1
151 165 12 1
151 189 17 1
152 187 11 1
152 166 3 1
152 162 4 1
152 172 15 1
152 162 10 1
152 186 4 1
152 169 5 1
152 175 1 1
152 171 8 1
152 159 6 1
152 185 6 1
152 180 10 1
152 161 4 1
152 173 14 1
152 188 20 1
152 154 3 1
152 190 1 1
152 160 4 1
152 178 16 1
152 186 1 1
152 185 10 1
152 152 1 1
152 153 1 1
152 176 15 1
152 185 8 1
152 178 16 1
152 179 4 1
152 171 8 1
152 173 16 1
152 180 2 1
153 179 20 1
153 162 7 1
153 162 10 1
153 171 13 1
153 156 1 1
153 173 2 1
154 181 16 1
154 188 10 1
154 167 5 1
154 167 13 1
154 177 13 1
154 162 2 1
154 177 16 1
154 170 10 1
154 170 1 1
154 177 17 1
154 190 8 1
154 185 4 1
154 159 3 1
154 183 17 1
154 186 12 1
154 156 2 1
154 191 19 1
154 190 20 1
154 156 3 1
154 175 15 1
154 190 5 1
154 182 10 1
154 174 12 1
154 189 16 1
154 172 15 1
154 182 5 1
154 177 11 1
154 182 20 1
154 159 6 1
154 158 1 1
154 161 4 1
154 190 13 1
154 162 2 1
154 158 3 1
155 180 3 1
155 180 20 1
155 169 5 1
155 185 6 1
157 168 10 1
157 181 19 1
157 169 12 1
157 163 3 1
157 177 20 1
157 175 13 1
157 161 4 1
157 157 1 1
157 161 3 1
157 162 1 1
157 188 11 1
157 187 11 1
157 171 3 1
157 163 4 1
157 191 4 1
157 167 11 1
157 186 6 1
157 180 10 1
157 167 7 1
157 180 19 1
157 163 7 1
157 164 1 1
157 178 13 1
157 189 13 1
157 159 2 1
157 177 15 1
157 188 12 1
157 183 3 1
157 191 10 1
158 187 4 1
158 169 12 1
158 186 10 1
158 176 13 1
158 183 13 1
158 159 1 1
158 164 1 1
158 168 10 1
158 161 3 1
158 167 2 1
158 174 7 1
158 159 2 1
158 170 13 1
158 191 12 1
158 180 3 1
158 175 8 1
158 177 14 1
158 172 1 1
158 182 12 1
158 177 2 1
158 161 3 1
158 163 4 1
158 164 1 1
158 171 8 1
158 175 16 1
158 187 3 1
158 184 2 1
158 168 7 1
158 179 4 1
158 165 6 1
158 186 11 1
158 179 12 1
159 178 3 1
159 187 15 1
159 160 1 1
159 190 7 1
159 161 2 1
159 161 1 1
159 185 3 1
159 175 15 1
159 170 3 1
159 172 2 1
159 177 19 1
159 176 11 1
159 165 4 1
159 159 1 1
159 166 4 1
159 171 6 1
159 165 4 1
159 181 8 1
159 180 17 1
159 173 15 1
160 164 4 1
160 164 2 1
160 168 9 1
160 173 1 1
160 161 1 1
161 178 14 1
161 168 1 1
161 164 3 1
161 175 10 1
161 183 7 1
161 161 1 1
162 166 5 1
162 168 5 1
162 169 3 1
162 191 9 1
162 189 20 1
162 191 16 1
162 166 1 1
162 165 4 1
162 172 9 1
162 162 1 1
163 189 20 1
163 175 4 1
164 176 4 1
164 188 5 1
165 165 1 1
165 185 18 1
165 176 5 1
166 176 2 1
166 173 3 1
166 189 12 1
166 183 5 1
166 187 16 1
166 169 1 1
166 174 7 1
166 185 5 1
166 180 4 1
166 178 11 1
166 170 1 1
166 190 8 1
166 171 5 1
166 177 12 1
166 168 1 1
166 187 18 1
166 187 3 1
166 183 3 1
166 167 2 1
166 177 1 1
166 176 8 1
167 170 2 1
167 183 9 1
167 177 8 1
167 169 1 1
167 171 4 1
167 186 11 1
167 171 2 1
167 174 2 1
167 173 4 1
167 183 2 1
167 180 6 1
167 192 19 1
167 171 4 1
168 185 18 1
168 191 2 1
168 175 4 1
168 188 8 1
168 185 15 1
168 175 3 1
168 177 4 1
169 175 4 1
169 184 9 1
169 174 1 1
169 174 5 1
169 180 3 1
169 179 8 1
169 188 5 1
169 171 2 1
169 175 1 1
169 176 1 1
169 179 8 1
170 178 2 1
170 171 2 1
170 186 2 1
170 182 10 1
170 176 6 1
170 171 1 1
170 186 12 1
170 191 13 1
170 176 1 1
170 190 8 1
170 172 1 1
170 179 8 1
170 187 15 1
170 191 11 1
170 180 9 1
170 188 14 1
170 186 3 1
170 183 14 1
170 176 1 1
170 180 7 1
170 189 2 1
170 187 10 1
170 175 6 1
170 192 18 1
170 187 13 1
170 177 6 1
170 182 9 1
170 173 4 1
170 186 12 1
170 192 5 1
170 189 1 1
170 179 4 1
170 178 8 1
170 184 13 1
170 172 2 1
170 173 2 1
170 190 16 1
170 185 12 1
170 173 1 1
170 173 4 1
170 180 11 1
170 176 7 1
171 175 4 1
171 190 1 1
172 178 3 1
172 192 9 1
172 189 7 1
173 174 1 1
173 175 1 1
173 174 1 1
173 182 5 1
173 183 11 1
173 174 2 1
173 189 4 1
173 181 8 1
173 184 1 1
173 188 9 1
173 192 10 1
173 185 10 1
173 173 1 1
173 192 3 1
173 177 1 1
173 189 5 1
173 175 1 1
173 176 3 1
173 177 4 1
174 178 1 1
174 178 1 1
174 191 6 1
174 185 8 1
174 178 5 1
174 184 9 1
174 184 3 1
174 180 3 1
174 189 13 1
174 177 4 1
174 179 2 1
174 190 10 1
175 177 3 1
176 179 1 1
176 183 1 1
176 187 5 1
176 181 1 1
176 178 2 1
177 183 3 1
177 190 6 1
177 178 2 1
177 182 5 1
177 184 1 1
177 186 2 1
177 177 1 1
177 179 1 1
177 181 3 1
177 186 8 1
177 183 7 1
177 182 2 1
177 192 11 1
177 182 6 1
177 184 8 1
177 185 3 1
177 179 3 1
178 179 1 1
178 192 2 1
178 190 1 1
178 185 1 1
178 190 5 1
178 192 2 1
178 184 3 1
178 184 4 1
179 185 7 1
179 179 1 1
179 182 2 1
179 192 10 1
179 180 2 1
179 187 4 1
179 192 12 1
179 180 1 1
179 180 2 1
179 180 2 1
180 183 3 1
180 187 8 1
180 180 1 1
180 186 5 1
180 186 7 1
180 180 1 1
180 187 4 1
180 186 5 1
180 182 2 1
180 189 1 1
180 181 1 1
180 188 4 1
180 187 6 1
180 187 1 1
180 185 2 1
180 190 11 1
180 188 2 1
180 180 1 1
180 189 1 1
180 190 5 1
180 185 5 1
180 181 2 1
180 183 4 1
180 184 2 1
180 189 9 1
180 188 1 1
181 191 9 1
181 187 7 1
181 185 1 1
181 187 2 1
181 188 6 1
181 181 1 1
181 181 1 1
181 186 3 1
181 186 4 1
181 183 3 1
181 189 7 1
181 181 1 1
181 192 2 1
181 190 8 1
182 183 1 1
182 185 1 1
182 183 1 1
182 182 1 1
182 186 2 1
182 191 6 1
182 188 5 1
182 183 1 1
182 184 3 1
182 186 3 1
182 189 8 1
182 186 1 1
182 182 1 1
182 182 1 1
183 185 2 1
183 192 10 1
183 188 2 1
183 188 5 1
183 189 1 1
183 184 1 1
183 190 1 1
183 189 3 1
183 189 1 1
183 184 1 1
183 189 4 1
183 185 1 1
183 185 3 1
183 187 4 1
183 191 8 1
184 187 1 1
184 192 5 1
184 189 4 1
184 192 5 1
184 187 3 1
184 189 3 1
184 190 6 1
184 184 1 1
184 192 5 1
184 187 4 1
184 192 8 1
184 188 2 1
184 187 4 1
184 189 2 1
184 187 3 1
184 186 1 1
184 186 3 1
184 186 2 1
184 185 2 1
184 191 1 1
184 185 1 1
184 192 9 1
184 184 1 1
184 187 2 1
184 185 1 1
184 191 4 1
184 188 1 1
184 188 1 1
184 184 1 1
184 184 1 1
184 187 4 1
184 186 2 1
184 186 1 1
184 187 1 1
184 187 3 1
184 190 6 1
184 185 1 1
184 187 4 1
184 184 1 1
184 186 3 1
184 186 3 1
184 189 4 1
185 186 1 1
185 187 2 1
185 186 2 1
185 189 2 1
185 192 5 1
185 185 1 1
185 188 1 1
185 187 2 1
185 185 1 1
185 188 1 1
185 185 1 1
186 189 4 1
186 186 1 1
186 191 6 1
186 187 1 1
186 189 3 1
186 192 4 1
186 189 2 1
186 190 5 1
186 190 5 1
186 191 6 1
186 191 6 1
186 189 3 1
186 192 1 1
186 190 3 1
186 190 3 1
186 187 2 1
186 188 1 1
186 186 1 1
186 186 1 1
186 186 1 1
186 189 2 1
186 187 1 1
186 191 5 1
186 189 1 1
187 189 2 1
187 187 1 1
187 191 1 1
187 189 3 1
187 190 4 1
187 189 3 1
187 187 1 1
187 190 1 1
187 187 1 1
187 189 3 1
188 188 1 1
188 192 5 1
188 188 1 1
188 189 2 1
188 191 1 1
188 189 2 1
188 191 3 1
188 188 1 1
188 191 1 1
188 189 2 1
188 190 3 1
188 192 1 1
188 191 3 1
188 192 3 1
188 190 1 1
188 190 2 1
188 191 4 1
189 191 1 1
189 190 2 1
189 189 1 1
189 192 4 1
189 189 1 1
189 190 2 1
189 192 3 1
189 190 1 1
189 189 1 1
190 190 1 1
190 192 1 1
190 190 1 1
190 190 1 1
190 190 1 1
190 192 2 1
190 192 3 1
190 192 3 1
190 191 1 1
191 191 1 1
191 191 1 1
191 191 1 1
191 191 1 1
191 191 1 1
191 192 1 1
191 192 1 1
191 191 1 1
191 191 1 1
191 192 1 1
191 191 1 1
191 191 1 1
191 192 2 1
