BestFit 2366 174 219 1564 67 0.51171875 0.537760416666667 7.14155251141552
BestFit 2220 155 221 1540 56 0.489583333333333 0.567708333333333 6.9683257918552
BestFit 2056 149 201 1444 57 0.455729166666667 0.569010416666667 7.18407960199005
BestFit 2526 171 263 1814 75 0.565104166666667 0.670572916666667 6.89733840304183
BestFit 2436 173 230 1594 63 0.524739583333333 0.606770833333333 6.9304347826087
BestFit 2814 185 312 2156 75 0.647135416666667 0.96484375 6.91025641025641
BestFit 2008 151 158 1082 55 0.40234375 0.55078125 6.84810126582278
BestFit 2808 185 314 2182 92 0.649739583333333 0.833333333333333 6.94904458598726
BestFit 2342 167 226 1588 59 0.51171875 0.529947916666667 7.02654867256637
BestFit 2408 167 245 1712 86 0.536458333333333 0.759114583333333 6.98775510204082
