BestFit 2006 155 138 924 57 0.381510416666667 0.38671875 6.69565217391304
BestFit 1608 129 104 722 41 0.303385416666667 0.311197916666667 6.94230769230769
BestFit 1420 125 60 430 36 0.240885416666667 0.240885416666667 7.16666666666667
BestFit 1602 127 127 938 49 0.330729166666667 0.338541666666667 7.38582677165354
BestFit 1560 124 114 820 35 0.309895833333333 0.3125 7.19298245614035
BestFit 1446 125 62 424 44 0.243489583333333 0.243489583333333 6.83870967741936
BestFit 1572 139 61 428 35 0.260416666666667 0.260416666666667 7.01639344262295
BestFit 2012 154 163 1158 40 0.412760416666667 0.436197916666667 7.10429447852761
BestFit 1278 99 96 672 41 0.25390625 0.28515625 7
BestFit 1072 86 73 518 29 0.20703125 0.2109375 7.0958904109589
