FirstFit 1708 125 168 1222 57 0.381510416666667 0.38671875 7.27380952380952
FirstFit 1328 101 132 1002 41 0.303385416666667 0.311197916666667 7.59090909090909
FirstFit 1150 92 93 700 36 0.240885416666667 0.240885416666667 7.52688172043011
FirstFit 1250 88 166 1290 49 0.330729166666667 0.338541666666667 7.7710843373494
FirstFit 1250 89 149 1130 35 0.309895833333333 0.3125 7.58389261744966
FirstFit 1228 99 88 642 44 0.243489583333333 0.243489583333333 7.29545454545455
FirstFit 1208 95 105 792 35 0.260416666666667 0.260416666666667 7.54285714285714
FirstFit 1824 132 185 1346 40 0.412760416666667 0.436197916666667 7.27567567567568
FirstFit 980 63 132 970 41 0.25390625 0.28515625 7.34848484848485
FirstFit 952 76 83 638 29 0.20703125 0.2109375 7.68674698795181
