FirstFit 566 50 25 184 12 0.09765625 0.09765625 7.36
FirstFit 444 35 31 216 13 0.0859375 0.0859375 6.96774193548387
FirstFit 366 32 18 134 10 0.0651041666666667 0.122395833333333 7.44444444444444
FirstFit 324 28 20 156 9 0.0625 0.0625 7.8
FirstFit 290 25 17 130 9 0.0546875 0.0546875 7.64705882352941
FirstFit 444 42 11 86 9 0.0690104166666667 0.0690104166666667 7.81818181818182
FirstFit 718 62 46 362 17 0.140625 0.140625 7.8695652173913
FirstFit 444 41 15 116 7 0.0729166666666667 0.0833333333333333 7.73333333333333
FirstFit 578 51 28 212 12 0.102864583333333 0.108072916666667 7.57142857142857

FirstFit 442 40 18 138 7 0.0755208333333333 0.0755208333333333 7.66666666666667
