BestFit 1253 53 84 117 36
BestFit 1307 59 83 113 47
BestFit 1363 64 84 117 46
BestFit 1389 57 95 131 42
BestFit 1118 56 65 92 40
BestFit 1390 53 100 140 48
BestFit 1272 50 90 128 40
BestFit 1416 51 105 144 42
BestFit 1369 58 92 131 34
BestFit 1183 44 86 117 36
BestFit 1384 58 94 136 42
BestFit 1559 56 117 171 53
BestFit 1261 48 91 129 42
BestFit 1453 54 107 157 45
BestFit 1448 58 101 142 47
BestFit 1408 60 94 132 51
BestFit 1477 52 112 163 46
BestFit 1322 60 84 118 34
BestFit 1403 43 114 167 48
BestFit 1249 47 91 131 42
BestFit 1088 46 74 112 40
BestFit 1258 44 95 132 42
BestFit 1073 56 60 87 37
BestFit 1429 59 98 141 44
BestFit 1311 51 93 129 41
BestFit 1413 61 93 127 50
BestFit 1355 54 95 135 40
BestFit 1317 56 88 123 43
BestFit 1279 50 91 131 45
BestFit 1212 55 77 108 37
BestFit 1377 60 90 123 44
BestFit 1394 63 89 126 45
BestFit 1249 61 75 111 42
BestFit 1394 60 92 126 46
BestFit 1269 52 87 121 41
BestFit 1231 55 79 109 47
BestFit 1360 56 94 140 53
BestFit 1356 49 101 144 52
BestFit 1487 53 112 163 47
BestFit 1380 63 87 120 49
BestFit 1323 61 83 117 50
BestFit 1276 55 85 124 41
BestFit 1413 54 102 147 46
BestFit 1346 53 96 144 46
BestFit 1507 57 109 153 48
BestFit 1334 55 92 136 46
BestFit 1374 58 92 126 47
BestFit 1379 53 100 151 42
BestFit 1462 57 105 158 43
BestFit 1362 56 94 138 44
BestFit 1485 50 115 165 57
BestFit 1265 49 90 125 44
BestFit 1426 59 98 144 46
BestFit 1352 62 85 118 44
BestFit 1414 53 103 146 50
BestFit 1205 50 82 115 36
BestFit 1405 63 90 125 52
BestFit 1542 59 111 158 52
BestFit 1386 59 92 124 44
BestFit 1341 61 85 119 44
