BestFit 75268 4546 9358 63772 1591 0.724166666666667 0.904010416666667
BestFit 75072 4548 9140 61808 1585 0.712916666666667 0.86859375
BestFit 75262 4554 9397 64248 1659 0.726614583333333 0.918802083333333
BestFit 77008 4550 9876 67252 1681 0.751354166666667 0.952916666666667
BestFit 75048 4547 9246 62882 1595 0.718385416666667 0.88203125
BestFit 77226 4540 10019 68364 1742 0.75828125 1.10817708333333
BestFit 75342 4495 9511 64718 1738 0.729479166666667 1.06083333333333
BestFit 73870 4546 8995 61540 1621 0.705260416666667 0.913489583333333
BestFit 77136 4544 10095 69254 1759 0.762447916666667 1.13880208333333
BestFit 75872 4548 9517 64778 1667 0.732552083333333 0.9696875
BestFit 76108 4551 9610 65502 1643 0.737552083333333 0.993229166666667
BestFit 76706 4553 9813 66954 1726 0.748229166666667 0.972864583333333
BestFit 76144 4544 9679 66086 1736 0.74078125 0.97015625
BestFit 74806 4536 9261 63164 1645 0.71859375 0.899270833333333
BestFit 76606 4554 9832 67254 1665 0.749270833333333 0.958958333333333
BestFit 75134 4535 9346 63676 1596 0.72296875 0.904583333333333
BestFit 76360 4544 9750 66580 1657 0.744479166666667 1.01869791666667
BestFit 75092 4534 9347 63718 1610 0.72296875 1.00682291666667
BestFit 77206 4554 10071 69044 1723 0.76171875 1.08041666666667
BestFit 76020 4548 9563 65090 1735 0.734947916666667 0.942447916666667
