BestFit 1342 63 101 298 51 0.854166666666667
BestFit 1284 47 115 336 47 0.84375
BestFit 1398 50 126 362 47 0.916666666666667
BestFit 1248 56 96 272 46 0.791666666666667
BestFit 1250 57 97 290 51 0.802083333333333
BestFit 1186 55 88 244 42 0.744791666666667
BestFit 1278 56 101 292 53 0.817708333333333
BestFit 1344 70 89 246 51 0.828125
BestFit 1334 59 106 316 43 0.859375
BestFit 1378 51 122 352 60 0.901041666666667
BestFit 1358 62 103 292 50 0.859375
BestFit 1222 56 92 258 47 0.770833333333333
BestFit 1376 55 117 344 50 0.895833333333333
BestFit 1322 55 107 298 42 0.84375
BestFit 1352 58 107 298 58 0.859375
BestFit 1348 46 126 372 57 0.895833333333333
BestFit 1294 57 101 286 54 0.822916666666667
BestFit 1310 54 110 330 47 0.854166666666667
BestFit 1370 58 111 320 61 0.880208333333333
BestFit 1218 46 107 312 53 0.796875
BestFit 1336 60 105 314 56 0.859375
BestFit 1416 53 124 354 44 0.921875
BestFit 1272 53 105 308 48 0.822916666666667
BestFit 1226 57 91 254 43 0.770833333333333
BestFit 1328 51 116 342 49 0.869791666666667
BestFit 1188 48 98 272 47 0.760416666666667
BestFit 1314 59 101 286 54 0.833333333333333
BestFit 1332 48 121 358 52 0.880208333333333
BestFit 1318 55 106 292 51 0.838541666666667
BestFit 1312 52 111 318 49 0.848958333333333
BestFit 1300 59 100 290 50 0.828125
BestFit 1184 53 92 266 40 0.755208333333333
BestFit 1374 53 119 346 52 0.895833333333333
BestFit 1338 56 110 322 51 0.864583333333333
BestFit 1268 60 92 252 43 0.791666666666667
BestFit 1300 55 107 320 52 0.84375
BestFit 1336 47 122 354 55 0.880208333333333
BestFit 1310 50 115 340 51 0.859375
BestFit 1382 53 119 338 52 0.895833333333333
BestFit 1230 49 104 300 43 0.796875
BestFit 1328 58 106 312 50 0.854166666666667
BestFit 1356 54 114 324 54 0.875
BestFit 1234 56 93 256 47 0.776041666666667
BestFit 1274 54 104 306 49 0.822916666666667
BestFit 1330 62 101 300 52 0.848958333333333
BestFit 1330 50 117 340 53 0.869791666666667
BestFit 1430 61 115 330 49 0.916666666666667
BestFit 1328 61 102 302 55 0.848958333333333
BestFit 1338 52 115 332 44 0.869791666666667
BestFit 1466 55 128 364 51 0.953125
BestFit 1268 54 101 282 47 0.807291666666667
BestFit 1360 47 126 370 46 0.901041666666667
BestFit 1306 67 89 254 53 0.8125
BestFit 1376 60 111 334 51 0.890625
BestFit 1346 53 115 334 51 0.875
BestFit 1296 56 104 304 52 0.833333333333333
BestFit 1278 55 102 292 51 0.817708333333333
BestFit 1298 50 114 342 54 0.854166666666667
BestFit 1348 62 102 292 47 0.854166666666667
BestFit 1304 56 105 306 41 0.838541666666667
