BestFit 64730 4297 3044 8680 836 0.38234375 0.408697916666667 2.8515111695138
BestFit 71546 4296 3936 10774 993 0.42875 0.448229166666667 2.73729674796748
BestFit 74816 4342 4371 12314 979 0.453802083333333 0.4771875 2.81720430107527
BestFit 66336 4329 3223 9184 846 0.393333333333333 0.403645833333333 2.84951908160099
BestFit 67896 4216 3591 10174 865 0.406614583333333 0.423645833333333 2.83319409635199
BestFit 72494 4351 4025 11266 946 0.43625 0.460104166666667 2.79900621118012
BestFit 78124 4217 4929 13336 997 0.476354166666667 0.5021875 2.70561980117671
BestFit 74782 4399 4291 12118 973 0.452604166666667 0.472760416666667 2.82405033791657
BestFit 75002 4314 4416 12298 991 0.4546875 0.470208333333333 2.7848731884058
BestFit 74922 4389 4281 11778 966 0.4515625 0.466666666666667 2.75122634898388
BestFit 67182 4240 3446 9678 923 0.4003125 0.411458333333333 2.8084735925711
BestFit 75850 4330 4449 11940 1024 0.457239583333333 0.474166666666667 2.68374915711396
BestFit 72828 4294 4182 11932 962 0.441458333333333 0.461822916666667 2.85318029650885
BestFit 69068 4217 3741 10512 945 0.414479166666667 0.446927083333333 2.80994386527666
BestFit 74028 4219 4414 12302 973 0.449635416666667 0.471510416666667 2.78704123244223
BestFit 68564 4194 3674 10116 906 0.409791666666667 0.42203125 2.75340228633642
BestFit 73828 4163 4420 12002 976 0.44703125 0.463697916666667 2.71538461538462
BestFit 70030 4266 3823 10860 911 0.421302083333333 0.436770833333333 2.84070102014125
BestFit 72964 4303 4138 11446 977 0.439635416666667 0.45953125 2.76607056549058
BestFit 59918 3962 2850 8202 817 0.354791666666667 0.379895833333333 2.87789473684211
BestFit 76952 4431 4538 12738 1055 0.467135416666667 0.490416666666667 2.80696342000881
BestFit 67964 4198 3638 10396 911 0.408125 0.431197916666667 2.85761407366685
BestFit 65932 4210 3280 8968 869 0.390104166666667 0.400208333333333 2.73414634146341
BestFit 70700 4267 3880 10770 950 0.424322916666667 0.44296875 2.77577319587629
BestFit 76180 4353 4511 12460 1062 0.461666666666667 0.483854166666667 2.76213699844824
BestFit 67284 4082 3660 10136 954 0.403229166666667 0.4165625 2.76939890710383
BestFit 75576 4408 4335 11854 1028 0.455364583333333 0.479739583333333 2.73448673587082
BestFit 82962 4442 5274 14198 1106 0.506041666666667 0.536875 2.69207432688661
BestFit 63224 4101 3131 9096 831 0.376666666666667 0.400729166666667 2.90514212711594
BestFit 69024 4224 3709 10306 899 0.413177083333333 0.431041666666667 2.7786465354543
