BestFit 106 10 1 4 4 0.0572916666666667
BestFit 188 17 3 12 7 0.104166666666667
BestFit 196 18 2 4 4 0.104166666666667
BestFit 226 17 7 14 7 0.125
BestFit 248 17 10 22 8 0.140625
BestFit 82 4 6 18 3 0.0520833333333333
BestFit 166 11 7 14 3 0.09375
BestFit 326 23 13 34 6 0.1875
BestFit 280 24 5 10 5 0.151041666666667
BestFit 162 14 3 8 5 0.0885416666666667
BestFit 258 23 4 12 7 0.140625
BestFit 116 4 10 24 4 0.0729166666666667
BestFit 196 18 2 4 7 0.104166666666667
BestFit 12 0 2 8 1 0.0104166666666667
BestFit 230 19 5 10 8 0.125
BestFit 166 15 2 4 7 0.0885416666666667
BestFit 218 20 3 12 8 0.119791666666667
BestFit 130 13 0 0 4 0.0677083333333333
BestFit 410 35 9 30 14 0.229166666666667
BestFit 80 4 5 10 5 0.046875
BestFit 230 19 5 10 7 0.125
BestFit 142 11 5 18 3 0.0833333333333333
BestFit 90 9 0 0 3 0.046875
BestFit 52 3 3 8 4 0.03125
BestFit 288 28 1 2 7 0.151041666666667
BestFit 116 11 1 4 4 0.0625
BestFit 180 18 0 0 5 0.09375
BestFit 172 16 2 8 4 0.09375
BestFit 200 16 5 10 6 0.109375
BestFit 240 22 3 10 7 0.130208333333333
BestFit 32 1 3 8 4 0.0208333333333333
BestFit 108 8 4 12 6 0.0625
BestFit 140 7 10 30 4 0.0885416666666667
BestFit 186 17 2 4 5 0.0989583333333333
BestFit 206 10 16 54 5 0.135416666666667
BestFit 182 15 4 8 5 0.0989583333333333
BestFit 180 16 3 10 6 0.0989583333333333
BestFit 210 14 9 20 8 0.119791666666667
BestFit 46 1 5 14 2 0.03125
BestFit 82 5 4 8 7 0.046875
BestFit 162 13 4 8 7 0.0885416666666667
BestFit 158 9 10 32 5 0.0989583333333333
BestFit 114 2 13 36 4 0.078125
BestFit 28 2 1 2 2 0.015625
BestFit 200 20 0 0 4 0.104166666666667
BestFit 336 28 8 24 9 0.1875
BestFit 132 12 2 8 3 0.0729166666666667
BestFit 96 8 2 4 5 0.0520833333333333
BestFit 108 10 1 2 5 0.0572916666666667
BestFit 194 17 4 16 6 0.109375
BestFit 180 14 5 10 4 0.0989583333333333
BestFit 124 10 3 6 6 0.0677083333333333
BestFit 100 10 0 0 3 0.0520833333333333
BestFit 180 18 0 0 4 0.09375
BestFit 232 19 6 18 6 0.130208333333333
BestFit 92 0 12 28 3 0.0625
BestFit 352 28 10 28 10 0.197916666666667
BestFit 380 29 13 40 10 0.21875
BestFit 234 17 9 26 8 0.135416666666667
BestFit 30 3 0 0 1 0.015625
