BestFit 542 40 22 78 14 0.322916666666667
BestFit 418 40 3 12 10 0.223958333333333
BestFit 486 33 21 54 13 0.28125
BestFit 498 32 24 62 14 0.291666666666667
BestFit 404 24 21 46 11 0.234375
BestFit 450 36 13 40 13 0.255208333333333
BestFit 226 15 10 24 10 0.130208333333333
BestFit 234 16 10 26 8 0.135416666666667
BestFit 302 24 8 18 11 0.166666666666667
BestFit 256 17 11 24 8 0.145833333333333
BestFit 182 15 5 18 5 0.104166666666667
BestFit 502 39 16 48 14 0.286458333333333
BestFit 410 34 11 40 12 0.234375
BestFit 244 12 16 36 9 0.145833333333333
BestFit 386 28 14 34 13 0.21875
BestFit 210 11 13 30 8 0.125
BestFit 284 26 3 6 9 0.151041666666667
BestFit 608 40 30 92 19 0.364583333333333
BestFit 318 28 6 22 6 0.177083333333333
BestFit 422 31 14 28 13 0.234375
BestFit 410 29 16 40 14 0.234375
BestFit 414 32 14 46 11 0.239583333333333
BestFit 362 35 2 8 10 0.192708333333333
BestFit 478 31 24 72 11 0.286458333333333
BestFit 314 18 19 56 12 0.192708333333333
BestFit 440 27 24 70 13 0.265625
BestFit 380 32 9 30 9 0.213541666666667
BestFit 316 30 2 4 10 0.166666666666667
BestFit 326 31 2 4 8 0.171875
BestFit 408 39 3 12 10 0.21875
BestFit 352 29 8 18 10 0.192708333333333
BestFit 274 26 2 6 6 0.145833333333333
BestFit 376 25 18 54 10 0.223958333333333
BestFit 326 30 4 14 7 0.177083333333333
BestFit 554 31 35 106 18 0.34375
BestFit 472 44 4 8 15 0.25
BestFit 392 30 13 38 10 0.223958333333333
BestFit 198 19 1 2 8 0.104166666666667
BestFit 272 25 3 8 7 0.145833333333333
BestFit 118 10 3 12 5 0.0677083333333333
BestFit 426 34 12 34 12 0.239583333333333
BestFit 426 37 8 24 15 0.234375
BestFit 196 18 2 4 7 0.104166666666667
BestFit 274 20 10 26 11 0.15625
BestFit 214 19 3 6 5 0.114583333333333
BestFit 250 22 5 20 5 0.140625
BestFit 414 28 19 56 12 0.244791666666667
BestFit 464 38 12 36 16 0.260416666666667
BestFit 458 27 24 52 11 0.265625
BestFit 92 6 5 18 2 0.0572916666666667
BestFit 292 27 3 8 11 0.15625
BestFit 390 29 14 40 15 0.223958333333333
BestFit 590 45 22 80 15 0.348958333333333
BestFit 350 29 9 30 9 0.197916666666667
BestFit 328 25 11 32 11 0.1875
BestFit 400 28 17 50 10 0.234375
BestFit 106 8 4 14 4 0.0625
BestFit 122 8 6 18 6 0.0729166666666667
BestFit 482 40 11 28 14 0.265625
BestFit 244 23 2 6 7 0.130208333333333
