BestFit 47102 4008 2198 14958 712 0.323229166666667 0.32796875 6.80527752502275
BestFit 47658 4035 2233 15022 741 0.326458333333333 0.331354166666667 6.72727272727273
BestFit 50776 4158 2858 19384 774 0.365416666666667 0.369166666666667 6.78236529041288
BestFit 47514 3951 2509 17086 757 0.336458333333333 0.339270833333333 6.80988441610203
BestFit 49214 4117 2503 16986 775 0.344791666666667 0.360416666666667 6.78625649220935
BestFit 49562 4129 2563 17358 791 0.348541666666667 0.363229166666667 6.7725321888412
BestFit 47974 4027 2434 16636 744 0.336510416666667 0.34390625 6.83483976992605
BestFit 47240 3986 2410 16720 749 0.333125 0.34390625 6.93775933609959
BestFit 45504 3992 1803 12446 694 0.301822916666667 0.310520833333333 6.90293954520244
BestFit 48738 4104 2412 16422 720 0.339375 0.3478125 6.80845771144279
BestFit 48256 4026 2565 17654 780 0.34328125 0.353177083333333 6.88265107212476
BestFit 45910 3956 2063 14280 725 0.313489583333333 0.317447916666667 6.92195831313621
BestFit 51800 4247 3013 20800 835 0.378125 0.390677083333333 6.90341851974776
BestFit 49820 4150 2678 18460 755 0.355625 0.362552083333333 6.89320388349515
BestFit 44950 3942 1798 12450 655 0.298958333333333 0.302447916666667 6.92436040044494
BestFit 49856 4085 2850 19494 782 0.361197916666667 0.376927083333333 6.84
BestFit 46338 3931 2132 14292 694 0.31578125 0.32734375 6.70356472795497
BestFit 50298 4125 2748 18432 803 0.35796875 0.37 6.70742358078603
BestFit 49708 4151 2472 16522 781 0.344947916666667 0.355989583333333 6.6836569579288
BestFit 46328 3978 2116 14612 706 0.317395833333333 0.32640625 6.9054820415879
BestFit 48054 4030 2388 16126 737 0.334270833333333 0.34046875 6.75293132328308
BestFit 47238 4022 2264 15622 742 0.327395833333333 0.335104166666667 6.90017667844523
BestFit 49198 4049 2713 18422 752 0.3521875 0.363541666666667 6.79026907482492
BestFit 42726 3783 1547 10574 639 0.277604166666667 0.28015625 6.83516483516483
BestFit 46028 3916 2194 15072 688 0.318229166666667 0.319322916666667 6.86964448495898
BestFit 48378 4083 2460 17052 730 0.34078125 0.355260416666667 6.93170731707317
BestFit 47582 3966 2539 17468 733 0.338802083333333 0.345989583333333 6.8798739661284
BestFit 50722 4184 2911 20228 844 0.36953125 0.394010416666667 6.94881484026108
BestFit 48080 4005 2611 18080 755 0.344583333333333 0.361041666666667 6.92454998085025
BestFit 50572 4156 2864 19628 799 0.365625 0.371614583333333 6.85335195530726
