BestFit 92482 4554 14521 98268 2573 0.993489583333333 37.1792708333333
BestFit 91682 4554 14321 97068 2503 0.983072916666667 34.7275
BestFit 92582 4554 14546 98418 2556 0.994791666666667 39.5283854166667
BestFit 92334 4554 14484 98046 2585 0.9915625 35.10203125
BestFit 92266 4554 14467 97944 2609 0.990677083333333 34.9874479166667
BestFit 92214 4554 14454 97866 2507 0.99 33.4102604166667
BestFit 92582 4554 14546 98418 2528 0.994791666666667 30.6811458333333
BestFit 92234 4554 14459 97896 2543 0.990260416666667 39.6715625
BestFit 92582 4554 14546 98418 2515 0.994791666666667 40.4313541666667
BestFit 91902 4554 14376 97398 2511 0.9859375 30.79265625
BestFit 92582 4554 14546 98418 2542 0.994791666666667 39.3352604166667
BestFit 92570 4554 14543 98400 2545 0.994635416666667 34.4469791666667
BestFit 92430 4554 14508 98190 2520 0.9928125 38.08359375
BestFit 92582 4554 14546 98418 2561 0.994791666666667 32.29609375
BestFit 91666 4554 14317 97044 2545 0.982864583333333 32.08234375
BestFit 92410 4554 14503 98160 2518 0.992552083333333 37.238125
BestFit 92582 4554 14546 98418 2584 0.994791666666667 30.7592708333333
BestFit 91906 4554 14377 97404 2553 0.985989583333333 37.0405729166667
BestFit 92182 4554 14446 97818 2561 0.989583333333333 35.9734895833333
BestFit 92582 4554 14546 98418 2562 0.994791666666667 34.3044791666667
