BestFit 92222 4554 14456 97878 2512 0.990104166666667 66.0991666666667
BestFit 92582 4554 14546 98418 2545 0.994791666666667 48.6319270833333
BestFit 92574 4554 14544 98406 2471 0.9946875 62.31390625
BestFit 92358 4554 14490 98082 2558 0.991875 53.9896354166667
BestFit 92582 4554 14546 98418 2606 0.994791666666667 51.9697916666667
BestFit 91798 4554 14350 97242 2556 0.984583333333333 57.4013541666667
BestFit 92582 4554 14546 98418 2498 0.994791666666667 60.8970833333333
BestFit 92230 4554 14458 97890 2539 0.990208333333333 54.078125
BestFit 92582 4554 14546 98418 2571 0.994791666666667 56.8539583333333
BestFit 92026 4554 14407 97584 2543 0.987552083333333 64.81359375
BestFit 92582 4554 14546 98418 2537 0.994791666666667 60.5152083333333
BestFit 92582 4554 14546 98418 2536 0.994791666666667 59.1666666666667
BestFit 92066 4554 14417 97644 2511 0.988072916666667 54.1884895833333
BestFit 92322 4554 14481 98028 2544 0.99140625 54.94453125
BestFit 92338 4554 14485 98052 2519 0.991614583333333 58.6494791666667
BestFit 92582 4554 14546 98418 2616 0.994791666666667 65.7324479166667
BestFit 92582 4554 14546 98418 2554 0.994791666666667 61.9119270833333
BestFit 92582 4554 14546 98418 2540 0.994791666666667 59.71171875
BestFit 92582 4554 14546 98418 2542 0.994791666666667 58.6418229166667
BestFit 92194 4554 14449 97836 2531 0.989739583333333 53.7500520833333
