BestFit 1214 56 76 106 35
BestFit 1297 51 92 133 37
BestFit 1307 48 97 143 38
BestFit 1418 66 89 132 36
BestFit 1389 54 99 141 42
BestFit 1093 48 71 97 37
BestFit 1357 52 98 143 42
BestFit 1250 52 85 120 41
BestFit 1214 56 76 106 41
BestFit 1351 55 93 129 48
BestFit 1268 56 82 112 41
BestFit 1286 57 83 114 43
BestFit 1235 49 87 125 37
BestFit 1201 49 82 109 34
BestFit 1422 58 98 138 52
BestFit 1127 45 79 113 39
BestFit 1299 50 94 141 38
BestFit 1363 58 92 137 42
BestFit 1428 55 103 152 41
BestFit 1231 55 79 109 37
BestFit 1426 52 106 154 42
BestFit 1256 59 78 114 38
BestFit 1216 55 77 104 52
BestFit 1330 56 90 130 39
BestFit 1397 61 92 133 48
BestFit 1437 56 103 153 47
BestFit 1306 52 92 134 47
BestFit 1258 45 94 132 37
BestFit 1383 53 100 147 42
BestFit 1438 60 97 132 46
BestFit 1292 53 89 128 39
BestFit 1236 49 86 114 40
BestFit 1348 53 96 142 40
BestFit 1428 52 106 152 44
BestFit 1247 53 83 113 41
BestFit 1346 52 96 134 37
BestFit 1357 51 99 143 47
BestFit 1362 55 95 138 50
BestFit 1269 52 87 121 40
BestFit 1383 56 96 137 54
BestFit 1372 55 95 128 45
BestFit 1163 66 58 77 37
BestFit 1415 57 99 145 39
BestFit 1194 53 77 106 38
BestFit 1418 56 99 132 36
BestFit 1405 51 104 145 45
BestFit 1486 60 103 144 50
BestFit 1460 54 107 150 45
BestFit 1487 56 108 153 48
BestFit 1348 66 80 112 38
BestFit 1152 58 67 98 41
BestFit 1358 57 92 132 37
BestFit 1065 54 60 75 34
BestFit 1248 52 86 132 35
BestFit 1177 53 75 103 40
BestFit 1298 51 92 132 45
BestFit 1201 57 73 99 37
BestFit 1281 58 81 109 39
BestFit 1251 61 75 109 50
BestFit 1316 47 99 144 41
