BestFit 96638 2295 14041 66722 1902 0.850833333333333 1.51588541666667
BestFit 98222 2295 14047 65198 1955 0.851145833333333 1.66572916666667
BestFit 97362 2295 14334 68928 2039 0.86609375 1.66390625
BestFit 101024 2295 15055 72476 2003 0.903645833333333 1.79369791666667
BestFit 98002 2295 14435 69298 2049 0.871354166666667 1.42760416666667
BestFit 98798 2295 14836 72512 2035 0.892239583333333 1.68567708333333
BestFit 101636 2295 14815 69464 2029 0.891145833333333 1.70625
BestFit 103834 2295 15389 73006 2071 0.921041666666667 1.676875
BestFit 101548 2295 15209 73492 2079 0.911666666666667 1.62614583333333
BestFit 104396 2295 15223 70784 2087 0.912395833333333 1.68427083333333
BestFit 95070 2295 13932 67200 1941 0.84515625 1.55375
BestFit 97832 2295 14440 69518 1922 0.871614583333333 1.76416666666667
BestFit 105088 2295 15587 73732 2071 0.931354166666667 1.68708333333333
BestFit 96022 2295 14288 69808 1968 0.863697916666667 1.75609375
BestFit 100974 2295 14883 70806 2072 0.8946875 1.71130208333333
BestFit 100210 2295 15167 74410 2021 0.909479166666667 1.87109375
BestFit 99948 2295 15006 73062 2003 0.90109375 1.66609375
BestFit 97930 2295 14387 68890 2040 0.868854166666667 1.62838541666667
BestFit 99150 2295 14949 73290 2053 0.898125 1.91885416666667
BestFit 106320 2295 15876 75390 2088 0.94640625 1.95291666666667
BestFit 98450 2295 14164 66140 1988 0.857239583333333 1.52479166666667
BestFit 105186 2295 15756 75324 2162 0.94015625 1.89572916666667
BestFit 103168 2295 15521 74992 2190 0.927916666666667 1.75932291666667
BestFit 106432 2295 15941 75928 2167 0.949791666666667 1.86671875
BestFit 101412 2295 15048 72018 2002 0.90328125 1.64302083333333
BestFit 101370 2295 14988 71460 1959 0.90015625 1.6440625
BestFit 104188 2295 15536 74122 2068 0.928697916666667 1.99984375
BestFit 98292 2295 13902 63678 1943 0.84359375 1.57333333333333
BestFit 106324 2295 15803 74656 2147 0.942604166666667 1.61807291666667
BestFit 102472 2295 15320 73678 2141 0.917447916666667 1.65895833333333
