BestFit 69508 4537 7716 53022 1364 0.638177083333333 0.702239583333333 6.87169517884914
BestFit 63676 4394 6097 41234 1175 0.54640625 0.596875 6.76299819583402
BestFit 56628 4231 4531 30992 1020 0.456354166666667 0.479947916666667 6.83999117192673
BestFit 58950 4345 4916 33660 1081 0.48234375 0.514114583333333 6.84703010577705
BestFit 64230 4344 6413 43340 1212 0.560260416666667 0.600625 6.75814751286449
BestFit 59636 4304 5339 36794 1123 0.502239583333333 0.55875 6.89155272522944
BestFit 55854 4271 4308 29936 1004 0.446822916666667 0.481770833333333 6.94893221912721
BestFit 57360 4233 4870 33670 1035 0.474114583333333 0.526822916666667 6.91375770020534
BestFit 57056 4157 5023 34744 1085 0.478125 0.5328125 6.91698188333665
BestFit 65548 4511 6517 44732 1238 0.574375 0.621145833333333 6.86389442995243
BestFit 61512 4387 5560 37958 1168 0.518072916666667 0.546510416666667 6.82697841726619
BestFit 57238 4348 4451 30752 1032 0.45828125 0.481666666666667 6.90900921141317
BestFit 67518 4529 7132 49092 1332 0.60734375 0.661979166666667 6.88334268087493
BestFit 57556 4361 4667 32724 1090 0.470208333333333 0.5175 7.01178487250911
BestFit 62626 4540 5555 38324 1147 0.52578125 0.557864583333333 6.8990099009901
BestFit 61764 4475 5508 38066 1159 0.519947916666667 0.564114583333333 6.91103848946986
BestFit 67044 4533 6821 46496 1303 0.591354166666667 0.6384375 6.81659580706641
BestFit 65584 4472 6503 44166 1288 0.571614583333333 0.625833333333333 6.79163463017069
BestFit 63286 4463 5856 39904 1266 0.537447916666667 0.585677083333333 6.81420765027322
BestFit 65464 4536 6526 45156 1268 0.576145833333333 0.643020833333333 6.91939932577383
BestFit 60326 4293 5418 36784 1137 0.50578125 0.542135416666667 6.78922111480251
BestFit 60444 4397 5231 35836 1134 0.501458333333333 0.529739583333333 6.85069776333397
BestFit 59518 4337 5200 35852 1156 0.49671875 0.544739583333333 6.89461538461538
BestFit 58738 4468 4607 32012 1039 0.47265625 0.506614583333333 6.94855654438897
BestFit 59626 4357 5126 35204 1068 0.49390625 0.553645833333333 6.86773312524385
BestFit 59956 4224 5514 37424 1170 0.5071875 0.565104166666667 6.78708741385564
BestFit 58020 4184 5228 36100 1107 0.490208333333333 0.544270833333333 6.90512624330528
BestFit 60254 4326 5662 39626 1201 0.520208333333333 0.58328125 6.99858707170611
BestFit 64976 4420 6432 43544 1213 0.565208333333333 0.608645833333333 6.76990049751244
BestFit 58770 4392 4723 32380 1046 0.474739583333333 0.508333333333333 6.85581198390853
