BestFit 1393 50 105 157 49
BestFit 1455 70 88 125 44
BestFit 1411 47 110 159 49
BestFit 1420 55 102 150 40
BestFit 1422 59 97 138 48
BestFit 1396 60 92 124 48
BestFit 1465 61 100 145 48
BestFit 1497 56 109 153 49
BestFit 1442 58 101 148 49
BestFit 1437 52 108 163 46
BestFit 1374 57 94 136 43
BestFit 1585 45 133 195 45
BestFit 1541 52 119 169 50
BestFit 1475 56 106 145 42
BestFit 1279 49 92 131 42
BestFit 1364 64 84 116 46
BestFit 1467 50 113 163 47
BestFit 1307 55 88 123 43
BestFit 1381 55 97 139 40
BestFit 1323 57 88 127 49
BestFit 1445 57 102 145 45
BestFit 1429 51 107 151 44
BestFit 1397 65 87 123 55
BestFit 1255 48 90 125 43
BestFit 1151 51 75 109 37
BestFit 1548 52 120 172 54
BestFit 1473 48 117 177 51
BestFit 1481 63 99 139 46
BestFit 1357 60 88 123 46
BestFit 1467 50 113 163 42
BestFit 1404 55 100 146 52
BestFit 1325 52 94 135 40
BestFit 1346 56 91 124 39
BestFit 1298 54 88 122 39
BestFit 1549 53 119 171 54
BestFit 1472 47 117 168 45
BestFit 1442 43 119 178 48
BestFit 1255 47 90 115 42
BestFit 1332 50 96 128 33
BestFit 1530 54 115 160 55
BestFit 1413 57 98 137 43
BestFit 1314 50 95 136 42
BestFit 1271 54 84 109 42
BestFit 1412 48 110 168 44
BestFit 1289 56 85 121 42
BestFit 1319 56 88 121 43
BestFit 1436 54 105 154 49
BestFit 1389 53 100 141 45
BestFit 1467 65 95 133 46
BestFit 1348 61 86 122 50
BestFit 1270 48 91 120 43
BestFit 1510 67 98 140 53
BestFit 1385 44 110 155 47
BestFit 1527 59 110 163 55
BestFit 1470 59 103 150 45
BestFit 1446 54 107 164 47
BestFit 1412 59 96 138 44
BestFit 1465 55 105 135 47
BestFit 1472 43 122 178 47
