BestFit 91434 4554 14259 96696 2510 0.97984375 18.6323958333333
BestFit 91782 4554 14346 97218 2514 0.984375 20.1423958333333
BestFit 91614 4554 14304 96966 2491 0.9821875 21.7788541666667
BestFit 92582 4554 14546 98418 2562 0.994791666666667 19.4180208333333
BestFit 92018 4554 14405 97572 2560 0.987447916666667 22.9247395833333
BestFit 91602 4554 14301 96948 2562 0.98203125 20.780625
BestFit 92202 4554 14451 97848 2577 0.98984375 18.3371354166667
BestFit 92162 4554 14441 97788 2489 0.989322916666667 23.5897395833333
BestFit 92066 4554 14417 97644 2516 0.988072916666667 21.7484895833333
BestFit 92470 4554 14518 98250 2560 0.993333333333333 20.3405208333333
BestFit 91542 4554 14286 96858 2575 0.98125 19.6638541666667
BestFit 91506 4554 14277 96804 2568 0.98078125 20.1058854166667
BestFit 92582 4554 14546 98418 2517 0.994791666666667 21.82953125
BestFit 91974 4554 14394 97506 2563 0.986875 25.0234375
BestFit 92374 4554 14494 98106 2528 0.992083333333333 21.6811458333333
BestFit 92438 4554 14510 98202 2542 0.992916666666667 20.32109375
BestFit 92026 4554 14407 97584 2501 0.987552083333333 19.9750520833333
BestFit 92198 4554 14450 97842 2542 0.989791666666667 20.8713020833333
BestFit 91822 4554 14356 97278 2577 0.984895833333333 19.4821875
BestFit 92582 4554 14546 98418 2615 0.994791666666667 22.8103125
