BestFit 73760 4549 8807 59800 1523 0.695625 0.832708333333333 6.79005336664017
BestFit 75480 4554 9452 64580 1660 0.729479166666667 0.90734375 6.83241641980533
BestFit 74896 4548 9195 62534 1621 0.71578125 0.892760416666667 6.80087003806416
BestFit 74710 4550 9217 62960 1607 0.71703125 0.891302083333333 6.8308560269068
BestFit 75504 4547 9238 62346 1635 0.71796875 0.840625 6.74886339034423
BestFit 75594 4545 9450 64356 1690 0.72890625 0.931979166666667 6.81015873015873
BestFit 69902 4517 7763 52898 1462 0.639583333333333 0.714635416666667 6.81411825325261
BestFit 74328 4541 9070 61782 1577 0.70890625 0.861614583333333 6.81168687982359
BestFit 74338 4534 8991 60912 1652 0.704427083333333 0.84 6.77477477477477
BestFit 73954 4482 9130 62166 1658 0.708958333333333 0.874166666666667 6.80898138006572
BestFit 73394 4534 8681 58756 1514 0.68828125 0.802135416666667 6.76834466075337
BestFit 74328 4541 9075 61832 1606 0.709166666666667 0.89484375 6.8134435261708
BestFit 74006 4520 8889 60084 1566 0.698385416666667 0.823020833333333 6.75936550793115
BestFit 74888 4544 9261 63162 1706 0.719010416666667 0.8934375 6.82021379980564
BestFit 75320 4548 9280 62960 1675 0.720208333333333 0.892447916666667 6.78448275862069
BestFit 74890 4546 9207 62640 1604 0.716302083333333 0.874739583333333 6.80351906158358
BestFit 73038 4491 8806 59932 1533 0.692552083333333 0.82984375 6.80581421757892
BestFit 75666 4552 9511 64964 1678 0.732447916666667 0.94890625 6.83040689727684
BestFit 69774 4443 7992 54576 1484 0.64765625 0.757083333333333 6.82882882882883
BestFit 73542 4529 8817 59918 1611 0.695104166666667 0.821041666666667 6.79573551094477
BestFit 70376 4497 8072 55314 1496 0.654635416666667 0.82078125 6.85257680872151
BestFit 72632 4550 8352 56388 1555 0.671979166666667 0.79421875 6.7514367816092
BestFit 75024 4552 9182 62316 1621 0.7153125 0.85484375 6.78675669788717
BestFit 72406 4531 8550 58404 1499 0.681302083333333 0.813958333333333 6.83087719298246
BestFit 74826 4554 9239 63104 1600 0.718385416666667 0.849739583333333 6.83017642602013
BestFit 75140 4535 9364 63850 1604 0.72390625 0.891979166666667 6.81866723622384
BestFit 76140 4546 9750 66820 1722 0.744583333333333 1.03052083333333 6.85333333333333
BestFit 74578 4551 9178 62712 1577 0.715052083333333 0.885833333333333 6.8328611898017
BestFit 74714 4485 9298 63116 1686 0.717864583333333 0.980885416666667 6.78812647881265
BestFit 77110 4554 9993 68360 1743 0.75765625 1.00083333333333 6.84078855198639
