BestFit 46060 4014 1870 12780 671 0.306458333333333 0.312552083333333
BestFit 43300 3786 1669 11250 613 0.284114583333333 0.288645833333333
BestFit 50072 4049 3112 21538 770 0.37296875 0.386041666666667
BestFit 44522 3914 1657 11188 659 0.29015625 0.295208333333333
BestFit 44098 3877 1586 10532 619 0.28453125 0.28453125
BestFit 38692 3390 1417 9378 595 0.250364583333333 0.252760416666667
BestFit 43424 3783 1680 11206 637 0.28453125 0.28953125
BestFit 41948 3653 1636 10942 646 0.27546875 0.2759375
BestFit 46522 4005 1923 12758 708 0.30875 0.310625
BestFit 47790 4092 2133 14460 696 0.32421875 0.3328125
BestFit 40178 3517 1503 10022 566 0.261458333333333 0.263489583333333
BestFit 48004 4128 2093 14206 700 0.324010416666667 0.333958333333333
BestFit 44320 3811 1982 13610 666 0.30171875 0.304322916666667
BestFit 41438 3691 1394 9412 582 0.26484375 0.2665625
BestFit 46278 3951 2110 14332 715 0.315677083333333 0.317395833333333
BestFit 45360 3853 2170 14870 681 0.313697916666667 0.318177083333333
BestFit 45698 3974 1826 12302 682 0.302083333333333 0.309166666666667
BestFit 43440 3698 1934 12880 652 0.293333333333333 0.296354166666667
BestFit 45960 3907 2159 14700 684 0.3159375 0.318125
BestFit 41392 3671 1521 10528 609 0.270416666666667 0.271354166666667
BestFit 48548 4112 2455 17122 733 0.34203125 0.349270833333333
BestFit 48470 4110 2236 14990 709 0.330520833333333 0.337239583333333
BestFit 42596 3683 1727 11504 639 0.281770833333333 0.287395833333333
BestFit 44486 3870 1837 12584 638 0.297239583333333 0.297395833333333
BestFit 41506 3680 1462 9914 602 0.2678125 0.268229166666667
BestFit 43236 3783 1669 11284 609 0.283958333333333 0.284895833333333
BestFit 42608 3648 1853 12402 619 0.286510416666667 0.2978125
BestFit 44646 3887 1842 12644 642 0.298385416666667 0.3021875
BestFit 42868 3666 1808 11872 630 0.285104166666667 0.2853125
BestFit 40264 3640 1200 8136 566 0.252083333333333 0.258333333333333
