BestFit 1419 60 96 141 45
BestFit 1225 47 88 125 40
BestFit 1213 46 88 127 39
BestFit 1241 53 83 119 35
BestFit 1024 49 61 76 33
BestFit 1440 65 92 130 46
BestFit 1314 56 87 116 44
BestFit 1201 54 76 99 41
BestFit 1231 52 83 119 42
BestFit 1077 48 69 93 38
BestFit 1066 43 73 94 38
BestFit 1246 48 89 124 37
BestFit 1346 44 106 154 45
BestFit 1080 47 71 100 29
BestFit 1177 60 67 93 35
BestFit 1417 40 119 173 47
BestFit 1215 63 69 105 41
BestFit 1082 53 64 88 32
BestFit 1225 56 77 105 34
BestFit 1169 50 78 111 35
BestFit 1295 55 87 125 34
BestFit 1250 57 79 110 41
BestFit 1316 60 83 114 42
BestFit 1010 43 67 90 30
BestFit 1309 52 92 131 39
BestFit 1194 58 71 96 38
BestFit 1253 52 86 127 40
BestFit 1243 54 82 117 39
BestFit 1165 52 75 105 35
