BestFit 1536 58 111 154 55
BestFit 1444 58 101 146 49
BestFit 1356 50 100 144 46
BestFit 1498 61 104 152 50
BestFit 1387 58 94 133 43
BestFit 1429 57 100 141 47
BestFit 1565 69 102 145 47
BestFit 1384 56 96 136 49
BestFit 1421 55 102 149 45
BestFit 1349 58 89 121 47
BestFit 1501 55 111 159 59
BestFit 1436 49 111 164 48
BestFit 1353 57 91 127 41
BestFit 1438 52 107 152 45
BestFit 1260 59 78 110 41
BestFit 1416 51 106 154 44
BestFit 1499 50 117 171 47
BestFit 1504 52 115 166 50
BestFit 1443 58 100 137 49
BestFit 1473 61 101 147 52
BestFit 1537 64 104 143 49
BestFit 1597 57 120 173 48
BestFit 1500 59 107 160 56
BestFit 1396 53 102 154 44
BestFit 1371 44 109 159 40
BestFit 1376 52 99 134 53
BestFit 1520 45 126 190 59
BestFit 1472 51 113 168 48
BestFit 1200 53 78 110 44
BestFit 1431 50 109 159 53
BestFit 1461 51 111 159 51
BestFit 1581 55 120 169 56
BestFit 1441 50 111 169 49
BestFit 1560 55 118 170 48
BestFit 1374 57 94 136 55
BestFit 1504 52 115 166 51
BestFit 1356 54 96 144 41
BestFit 1518 58 109 152 49
BestFit 1240 57 78 110 43
BestFit 1514 61 106 156 53
BestFit 1466 56 105 144 42
BestFit 1326 57 88 124 53
BestFit 1538 64 105 152 58
BestFit 1506 53 113 154 55
BestFit 1484 50 116 176 45
BestFit 1413 69 84 117 47
BestFit 1528 46 125 182 53
BestFit 1530 56 114 170 47
BestFit 1377 54 97 133 49
BestFit 1475 57 106 155 46
BestFit 1541 49 123 179 49
BestFit 1306 57 85 114 37
BestFit 1648 60 122 172 50
BestFit 1501 57 109 159 50
BestFit 1531 52 118 169 51
BestFit 1444 60 98 136 47
BestFit 1381 54 98 139 44
BestFit 1534 60 109 156 62
BestFit 1358 46 105 152 48
BestFit 1401 58 96 139 52
