BestFit 1253 54 83 117 47
BestFit 918 50 49 72 26
BestFit 1031 53 58 79 31
BestFit 1286 56 84 114 39
BestFit 932 41 60 78 32
BestFit 1211 53 79 109 34
BestFit 1155 57 68 95 31
BestFit 1134 49 74 96 32
BestFit 1194 51 79 106 45
BestFit 909 55 42 61 24
BestFit 1283 59 81 117 36
BestFit 1154 45 82 116 31
BestFit 1249 47 91 131 38
BestFit 1181 56 71 89 37
BestFit 1195 54 76 105 33
BestFit 1141 58 65 89 30
BestFit 1145 54 70 95 43
BestFit 1081 60 56 79 33
BestFit 1179 59 69 101 29
BestFit 1067 43 74 103 32
BestFit 1068 55 61 92 37
BestFit 1297 47 96 133 36
BestFit 1089 51 68 101 33
BestFit 1081 52 65 89 34
BestFit 1190 57 71 90 38
BestFit 854 47 44 56 30
BestFit 1034 43 71 106 25
BestFit 1107 50 71 103 32
BestFit 1200 50 82 120 33
BestFit 1128 41 84 122 39
BestFit 711 42 34 49 20
BestFit 1099 53 66 91 30
BestFit 999 50 59 91 32
BestFit 1118 45 77 102 34
BestFit 1322 60 84 118 40
BestFit 1211 47 87 129 37
BestFit 881 49 46 69 31
BestFit 1137 50 74 103 40
BestFit 789 46 38 51 28
BestFit 1306 51 92 124 45
BestFit 912 47 51 68 31
BestFit 966 57 46 64 29
BestFit 1050 46 68 90 32
BestFit 774 44 39 56 31
BestFit 1191 53 77 109 37
BestFit 1330 64 80 110 40
BestFit 1032 46 66 88 35
BestFit 1064 43 74 106 35
BestFit 1370 59 91 130 44
BestFit 1053 51 63 87 38
BestFit 790 47 38 60 27
BestFit 1223 50 84 117 35
BestFit 880 50 45 70 27
BestFit 1406 48 108 154 44
BestFit 1051 49 65 89 30
BestFit 964 31 76 106 27
BestFit 1261 48 91 129 38
BestFit 948 55 46 62 27
BestFit 1280 53 88 130 34
