BestFit 77142 4554 10079 69188 1704 0.762135416666667 1.12489583333333 6.86456989780732
BestFit 77022 4548 9973 68188 1750 0.756302083333333 1.06463541666667 6.8372606036298
BestFit 78796 4554 10599 72734 1839 0.78921875 1.22052083333333 6.86234550429286
BestFit 76988 4554 9995 68502 1788 0.757760416666667 1.0478125 6.8536268134067
BestFit 76556 4552 9846 67424 1711 0.749895833333333 1.09166666666667 6.84785699776559
BestFit 76514 4553 9720 66216 1715 0.743385416666667 1.01510416666667 6.81234567901235
BestFit 78000 4554 10286 70400 1863 0.772916666666667 1.15651041666667 6.84425432626871
BestFit 75972 4541 9645 65888 1645 0.738854166666667 1.05541666666667 6.83131156039399
BestFit 77664 4554 10266 70536 1734 0.771875 1.14848958333333 6.8708357685564
BestFit 77436 4554 10157 69674 1799 0.766197916666667 1.03786458333333 6.85970266811066
BestFit 78130 4554 10303 70440 1762 0.773802083333333 1.22125 6.8368436377754
BestFit 78036 4554 10274 70244 1741 0.772291666666667 1.17098958333333 6.83706443449484
BestFit 76894 4546 9805 66616 1708 0.747447916666667 0.961354166666667 6.79408465068842
BestFit 77194 4554 9898 67326 1727 0.752708333333333 1.09567708333333 6.8019801980198
BestFit 77836 4554 10215 69854 1784 0.76921875 1.09609375 6.83837493881547
BestFit 75284 4544 9403 64186 1738 0.72640625 0.970416666666667 6.82611932362012
BestFit 76138 4547 9697 66302 1706 0.741875 1.10083333333333 6.8373723832113
BestFit 78170 4544 10270 69970 1770 0.7715625 1.03510416666667 6.81304771178189
BestFit 77046 4550 10124 69694 1784 0.764270833333333 1.18104166666667 6.88403792967207
BestFit 76450 4553 9882 67900 1745 0.751822916666667 1.09552083333333 6.87107872900223
BestFit 75490 4547 9509 65070 1667 0.732083333333333 1.09114583333333 6.84299085077295
BestFit 76608 4547 9846 67322 1751 0.749635416666667 1.03026041666667 6.83749746089783
BestFit 78160 4553 10381 71180 1811 0.7778125 1.1440625 6.85675753780946
BestFit 78400 4554 10492 72060 1776 0.783645833333333 1.21197916666667 6.868089973313
BestFit 76644 4553 9849 67376 1733 0.750104166666667 1.04052083333333 6.84089755305107
BestFit 76962 4552 9914 67698 1774 0.7534375 1.03145833333333 6.8285253177325
BestFit 75854 4546 9552 65126 1617 0.734270833333333 0.99875 6.81804857621441
BestFit 79784 4551 10783 73556 1779 0.798645833333333 1.21734375 6.82147825280534
BestFit 76536 4537 9840 67234 1684 0.748802083333333 1.111875 6.83272357723577
BestFit 77920 4554 10216 69780 1853 0.769270833333333 1.03666666666667 6.83046202036022
