BestFit 76988 4549 10027 68772 1766 0.759166666666667 1.19958333333333 6.85868155978857
BestFit 82004 4554 11410 77636 1965 0.831458333333333 1.25182291666667 6.80420683610868
BestFit 77534 4554 10217 70176 1799 0.769322916666667 1.24588541666667 6.86855241264559
BestFit 79710 4554 10806 73890 1884 0.8 1.28765625 6.83786785119378
BestFit 77044 4544 10108 69476 1803 0.763125 1.21572916666667 6.87336762960032
BestFit 78700 4547 10756 74330 1932 0.79703125 1.56229166666667 6.91056154704351
BestFit 78580 4554 10630 73260 1886 0.790833333333333 1.35541666666667 6.89181561618062
BestFit 79028 4554 10662 73132 1813 0.7925 1.17140625 6.85912586756706
BestFit 79902 4554 10910 74738 1893 0.805416666666667 1.23546875 6.85041246562786
BestFit 79202 4554 10728 73618 1929 0.7959375 1.35385416666667 6.86222967934377
BestFit 77362 4554 10091 69088 1827 0.762760416666667 1.08395833333333 6.8464968784065
BestFit 77874 4547 10266 70256 1806 0.771510416666667 1.21911458333333 6.84356127021235
BestFit 77900 4545 10339 70940 1881 0.775208333333333 1.2009375 6.86139858787117
BestFit 77468 4554 10142 69492 1768 0.765416666666667 1.33703125 6.85190297771643
BestFit 79316 4554 10837 74594 1886 0.801614583333333 1.26864583333333 6.88327027775215
BestFit 77932 4552 10346 71048 1779 0.7759375 1.17567708333333 6.86719505122753
BestFit 79390 4554 10749 73640 1858 0.79703125 1.33671875 6.85086984835799
BestFit 82470 4554 11694 80010 1948 0.84625 1.52734375 6.84197024114931
BestFit 76712 4535 9926 67898 1769 0.753177083333333 1.32635416666667 6.84041910134999
BestFit 79740 4554 10836 74160 1848 0.8015625 1.37958333333333 6.84385382059801
BestFit 77498 4554 10302 71062 1795 0.77375 1.35838541666667 6.89788390603766
BestFit 79134 4554 10767 74076 1824 0.79796875 1.33432291666667 6.87991083867372
BestFit 80428 4554 11109 76202 1906 0.81578125 1.511875 6.85948330182735
BestFit 79344 4554 10849 74686 1876 0.802239583333333 1.37458333333333 6.88413678680063
BestFit 78380 4554 10529 72450 1869 0.785572916666667 1.40994791666667 6.88099534618672
BestFit 77392 4554 10205 70198 1748 0.768697916666667 1.16177083333333 6.87878490935816
BestFit 79230 4554 10751 73820 1888 0.797135416666667 1.30885416666667 6.86633801506837
BestFit 79872 4554 11042 76088 1926 0.812291666666667 1.39854166666667 6.89078065567832
BestFit 79484 4554 10821 74266 1887 0.80078125 1.3546875 6.86313649385454
BestFit 77764 4546 10263 70326 1810 0.771302083333333 1.23989583333333 6.85238234434376
