BestFit 808 45 41 52 22
BestFit 898 50 47 72 29
BestFit 888 45 51 72 30
BestFit 867 38 56 73 25
BestFit 1065 43 74 105 31
BestFit 1095 58 60 85 30
BestFit 819 36 54 81 25
BestFit 739 45 34 51 24
BestFit 841 48 42 59 23
BestFit 987 61 44 63 27
BestFit 732 44 34 48 27
BestFit 644 40 29 46 16
BestFit 811 41 46 59 21
BestFit 919 53 46 71 27
BestFit 904 53 43 56 29
BestFit 574 36 25 36 18
BestFit 1017 54 55 73 25
BestFit 995 50 58 85 30
BestFit 813 47 41 67 28
BestFit 997 43 66 93 27
BestFit 1010 51 59 90 29
BestFit 1092 49 71 108 33
BestFit 1009 42 68 91 30
BestFit 1003 51 58 87 26
BestFit 1166 57 68 84 32
BestFit 1038 51 62 92 31
BestFit 916 52 46 64 27
BestFit 805 45 41 55 23
BestFit 1001 49 59 79 26
