BestFit 868 51 42 62 28
BestFit 994 52 55 76 27
BestFit 912 60 37 58 24
BestFit 1058 52 62 82 30
BestFit 839 48 41 51 23
BestFit 936 44 57 74 29
BestFit 1047 59 53 73 28
BestFit 925 36 66 95 33
BestFit 635 40 27 35 26
BestFit 630 36 31 40 21
BestFit 907 48 50 73 22
BestFit 979 53 53 81 31
BestFit 893 48 49 77 23
BestFit 1043 42 72 97 33
BestFit 695 40 34 45 22
BestFit 1085 56 61 85 27
BestFit 643 39 30 47 19
BestFit 1178 56 72 102 35
BestFit 1056 52 62 84 29
BestFit 766 50 32 54 24
BestFit 864 47 45 56 27
BestFit 816 37 53 84 24
BestFit 1076 49 68 94 30
BestFit 992 44 65 98 31
BestFit 1186 53 76 104 35
BestFit 829 51 37 51 25
BestFit 1029 46 66 91 28
BestFit 1086 45 73 94 32
BestFit 1058 62 51 72 31
