BestFit 15062 761 2295 15498 417 0.994791666666667
BestFit 15062 761 2295 15498 443 0.994791666666667
BestFit 15062 761 2295 15498 411 0.994791666666667
BestFit 15062 761 2295 15498 402 0.994791666666667
BestFit 15062 761 2295 15498 407 0.994791666666667
BestFit 15062 761 2295 15498 421 0.994791666666667
BestFit 15062 761 2295 15498 422 0.994791666666667
BestFit 15062 761 2295 15498 429 0.994791666666667
BestFit 15062 761 2295 15498 416 0.994791666666667
BestFit 15062 761 2295 15498 426 0.994791666666667
