BestFit 92582 4554 14546 98418 2525 0.994791666666667 158.802447916667
BestFit 92582 4554 14546 98418 2549 0.994791666666667 157.516510416667
BestFit 92582 4554 14546 98418 2541 0.994791666666667 141.76359375
BestFit 92582 4554 14546 98418 2528 0.994791666666667 149.234947916667
BestFit 92582 4554 14546 98418 2550 0.994791666666667 162.058645833333
BestFit 92582 4554 14546 98418 2512 0.994791666666667 137.04390625
BestFit 92582 4554 14546 98418 2551 0.994791666666667 145.9053125
BestFit 92138 4554 14435 97752 2541 0.989010416666667 149.595520833333
BestFit 92582 4554 14546 98418 2572 0.994791666666667 156.867083333333
BestFit 92582 4554 14546 98418 2555 0.994791666666667 161.13328125
BestFit 92582 4554 14546 98418 2582 0.994791666666667 150.162552083333
BestFit 92582 4554 14546 98418 2544 0.994791666666667 141.393697916667
BestFit 92546 4554 14537 98364 2554 0.994322916666667 181.5821875
BestFit 92582 4554 14546 98418 2563 0.994791666666667 150.296302083333
BestFit 92582 4554 14546 98418 2594 0.994791666666667 168.773177083333
BestFit 92582 4554 14546 98418 2596 0.994791666666667 161.918385416667
BestFit 92450 4554 14513 98220 2540 0.993072916666667 151.05640625
BestFit 92582 4554 14546 98418 2556 0.994791666666667 146.154739583333
BestFit 92582 4554 14546 98418 2541 0.994791666666667 142.701927083333
BestFit 92582 4554 14546 98418 2552 0.994791666666667 145.714114583333
