BestFit 731 50 28 49 26
BestFit 1183 59 69 97 31
BestFit 863 47 45 57 25
BestFit 1055 57 57 85 29
BestFit 909 51 46 61 26
BestFit 983 51 56 87 30
BestFit 742 39 41 58 20
BestFit 906 55 42 64 26
BestFit 1260 63 73 100 36
BestFit 1168 58 68 92 32
BestFit 1300 57 85 120 44
BestFit 1274 59 79 106 37
BestFit 862 60 31 48 23
BestFit 1005 57 50 65 34
BestFit 1050 61 51 70 34
BestFit 980 47 60 90 31
BestFit 1349 51 97 131 40
BestFit 791 38 48 69 28
BestFit 974 48 58 86 30
BestFit 998 50 58 82 26
BestFit 1017 54 56 83 28
BestFit 1107 45 76 103 37
BestFit 748 50 29 42 27
BestFit 1214 53 79 106 39
BestFit 1216 51 81 104 39
BestFit 1018 51 58 72 33
BestFit 1298 57 85 122 46
BestFit 974 48 58 86 28
BestFit 1148 52 72 92 38
BestFit 1283 51 90 127 31
BestFit 917 53 45 63 27
BestFit 993 53 54 77 32
BestFit 1183 56 72 97 33
BestFit 1077 57 59 83 31
BestFit 1008 53 56 82 33
BestFit 1048 47 68 102 30
BestFit 1330 57 89 130 32
BestFit 863 43 51 77 29
BestFit 784 48 36 56 21
BestFit 952 59 43 68 31
BestFit 921 41 59 79 25
BestFit 844 41 51 76 33
BestFit 1040 47 67 100 34
BestFit 907 55 42 63 26
BestFit 917 50 49 73 27
BestFit 1171 57 69 89 37
BestFit 506 28 26 34 19
BestFit 1014 47 63 86 31
BestFit 1173 50 79 117 34
BestFit 1049 53 60 81 33
BestFit 786 59 23 34 34
BestFit 1271 59 79 109 39
BestFit 1349 55 93 131 43
BestFit 1082 52 65 88 34
BestFit 1284 62 77 106 37
BestFit 847 49 42 63 28
BestFit 1025 56 54 75 25
BestFit 545 41 16 25 20
BestFit 958 55 47 62 27
BestFit 1069 55 61 91 32
