BestFit 892 41 65 168 28 0.552083333333333
BestFit 864 55 45 136 24 0.520833333333333
BestFit 780 40 51 130 25 0.473958333333333
BestFit 814 54 38 106 22 0.479166666666667
BestFit 684 43 36 106 21 0.411458333333333
BestFit 702 43 38 108 21 0.421875
BestFit 826 54 39 104 25 0.484375
BestFit 548 34 29 82 22 0.328125
BestFit 684 45 31 76 23 0.395833333333333
BestFit 786 52 38 114 20 0.46875
BestFit 686 46 32 94 20 0.40625
BestFit 760 52 36 120 22 0.458333333333333
BestFit 656 41 34 94 21 0.390625
BestFit 506 28 29 64 17 0.296875
BestFit 814 45 48 116 27 0.484375
BestFit 674 47 31 106 21 0.40625
BestFit 912 50 55 138 26 0.546875
BestFit 844 48 51 146 28 0.515625
BestFit 610 43 26 80 28 0.359375
BestFit 582 34 32 78 22 0.34375
BestFit 630 30 45 120 22 0.390625
BestFit 852 51 46 118 26 0.505208333333333
BestFit 610 35 36 100 21 0.369791666666667
BestFit 646 48 24 74 17 0.375
BestFit 656 41 35 104 19 0.395833333333333
BestFit 932 50 62 188 27 0.583333333333333
BestFit 934 49 62 176 35 0.578125
BestFit 576 41 23 64 16 0.333333333333333
BestFit 756 44 46 144 23 0.46875
BestFit 656 48 26 84 22 0.385416666666667
BestFit 506 42 12 34 15 0.28125
BestFit 566 32 36 114 20 0.354166666666667
BestFit 376 22 20 44 15 0.21875
BestFit 856 45 58 174 24 0.536458333333333
BestFit 554 32 34 106 17 0.34375
BestFit 664 46 30 96 18 0.395833333333333
BestFit 878 38 68 182 32 0.552083333333333
BestFit 814 47 48 136 23 0.494791666666667
BestFit 878 45 59 162 27 0.541666666666667
BestFit 614 47 22 76 14 0.359375
BestFit 542 30 34 98 20 0.333333333333333
BestFit 730 40 44 110 24 0.4375
BestFit 520 42 15 50 13 0.296875
BestFit 500 37 17 40 16 0.28125
BestFit 470 34 20 70 19 0.28125
BestFit 558 36 28 82 22 0.333333333333333
BestFit 600 35 33 80 16 0.354166666666667
BestFit 578 33 34 92 17 0.348958333333333
BestFit 738 44 41 112 17 0.442708333333333
BestFit 570 34 32 90 19 0.34375
BestFit 842 47 51 138 32 0.510416666666667
BestFit 720 41 44 130 22 0.442708333333333
BestFit 728 44 41 122 27 0.442708333333333
BestFit 696 45 36 114 21 0.421875
BestFit 474 38 14 46 16 0.270833333333333
BestFit 894 59 44 136 29 0.536458333333333
BestFit 710 45 36 100 19 0.421875
BestFit 960 62 49 150 27 0.578125
BestFit 382 30 11 28 15 0.213541666666667
BestFit 988 57 58 162 27 0.598958333333333
