BestFit 91460 4554 14244 96520 2479 0.9790625 4.11515625
BestFit 91348 4554 14209 96282 2465 0.977239583333333 4.47802083333333
BestFit 90690 4554 14040 95250 2433 0.9684375 4.39177083333333
BestFit 90396 4554 13982 94964 2474 0.965416666666667 4.5615625
BestFit 89830 4554 13839 94100 2441 0.95796875 4.716875
BestFit 87956 4554 13358 91164 2369 0.932916666666667 4.63359375
BestFit 90284 4554 13948 94736 2463 0.963645833333333 4.3925
BestFit 89454 4554 13723 93316 2399 0.951927083333333 4.34151041666667
BestFit 90872 4554 14089 95558 2470 0.970989583333333 4.44145833333333
BestFit 89456 4554 13740 93484 2386 0.9528125 4.69098958333333
BestFit 88352 4554 13438 91568 2408 0.937083333333333 4.62234375
BestFit 90318 4554 13943 94652 2376 0.963385416666667 4.02583333333333
BestFit 90420 4554 13972 94840 2419 0.964895833333333 4.52682291666667
BestFit 91140 4554 14153 95930 2459 0.974322916666667 4.48802083333333
BestFit 89906 4554 13840 94034 2455 0.958020833333333 5.043125
BestFit 90416 4554 13992 95044 2483 0.9659375 4.52401041666667
BestFit 89330 4554 13704 93250 2440 0.9509375 4.70942708333333
BestFit 90254 4554 13946 94746 2433 0.963541666666667 5.0171875
BestFit 88002 4554 13341 90948 2307 0.93203125 3.73223958333333
BestFit 89930 4554 13847 94080 2449 0.958385416666667 4.54640625
