BestFit 71012 4458 8134 54908 1490 0.655833333333333 0.743125 6.75043029259897
BestFit 70636 4470 7815 52214 1449 0.63984375 0.70421875 6.68125399872041
BestFit 67660 4423 7179 48360 1336 0.604270833333333 0.66890625 6.73631424989553
BestFit 68504 4532 7295 49766 1419 0.615989583333333 0.695208333333333 6.82193283070596
BestFit 64094 4412 6332 43346 1311 0.559583333333333 0.619947916666667 6.84554643082754
BestFit 66950 4503 7043 48510 1372 0.601354166666667 0.68265625 6.88768990487008
BestFit 70082 4485 7839 53158 1472 0.641875 0.74140625 6.78122209465493
BestFit 70980 4539 8095 55360 1508 0.658020833333333 0.763489583333333 6.83878937615812
BestFit 65688 4529 6448 44082 1290 0.57171875 0.64265625 6.83653846153846
BestFit 63008 4327 6210 42362 1276 0.548802083333333 0.618645833333333 6.82157809983897
BestFit 64524 4535 6277 43596 1231 0.563125 0.622864583333333 6.94535606181297
BestFit 66774 4539 7019 48806 1355 0.601979166666667 0.698802083333333 6.95341216697535
BestFit 68640 4540 7387 50630 1389 0.621197916666667 0.69890625 6.85393258426966
BestFit 68302 4538 7080 47878 1330 0.605104166666667 0.665833333333333 6.76242937853107
BestFit 67386 4482 7189 49324 1318 0.607864583333333 0.688020833333333 6.86103769648073
BestFit 66914 4490 7185 49836 1389 0.608072916666667 0.700416666666667 6.93611691022964
BestFit 65912 4500 6413 43218 1270 0.568385416666667 0.608958333333333 6.73912365507563
BestFit 69804 4532 7788 53396 1458 0.641666666666667 0.73640625 6.85618900873138
BestFit 65884 4492 6853 47566 1428 0.590885416666667 0.678645833333333 6.94090179483438
BestFit 64938 4343 6810 46592 1272 0.580885416666667 0.664479166666667 6.8417033773862
BestFit 70426 4508 8072 55374 1485 0.655208333333333 0.7528125 6.86000991080278
BestFit 70166 4525 7874 53824 1486 0.64578125 0.72875 6.83566167132334
BestFit 72722 4529 8662 59188 1588 0.68703125 0.850104166666667 6.83306395751559
BestFit 69228 4535 7542 51542 1429 0.629010416666667 0.72203125 6.83399628745691
BestFit 69178 4508 7708 52982 1405 0.63625 0.734375 6.87363777893098
BestFit 69254 4543 7698 53156 1462 0.637552083333333 0.74796875 6.90517017407119
BestFit 62626 4293 6198 42284 1237 0.54640625 0.609895833333333 6.82220070990642
BestFit 69316 4531 7464 50634 1387 0.624739583333333 0.69375 6.78376205787781
BestFit 70368 4444 7908 53152 1415 0.643333333333333 0.710729166666667 6.72129489124937
BestFit 70192 4529 7741 52508 1396 0.6390625 0.7140625 6.78310295827412
