BestFit 89064 4554 13652 92996 2517 0.948229166666667 7.81526041666667
BestFit 90700 4554 14062 95460 2524 0.969583333333333 6.74947916666667
BestFit 91152 4554 14184 96228 2511 0.9759375 7.75072916666667
BestFit 91058 4554 14148 95962 2456 0.9740625 6.94447916666667
BestFit 90594 4554 14046 95406 2471 0.96875 8.01005208333333
BestFit 91304 4554 14214 96376 2505 0.9775 7.7196875
BestFit 91862 4554 14366 97338 2525 0.985416666666667 7.93322916666667
BestFit 91474 4554 14269 96756 2528 0.980364583333333 9.04041666666667
BestFit 92042 4554 14391 97408 2510 0.98671875 7.85557291666667
BestFit 91630 4554 14308 96990 2519 0.982395833333333 8.1096875
BestFit 90958 4554 14135 95932 2510 0.973385416666667 8.70947916666667
BestFit 90522 4554 14031 95328 2491 0.96796875 6.64609375
BestFit 90954 4554 14139 95976 2494 0.97359375 8.87317708333333
BestFit 90518 4554 14030 95322 2498 0.967916666666667 9.03765625
BestFit 91972 4554 14392 97488 2535 0.986770833333333 7.610625
BestFit 91358 4554 14236 96542 2481 0.978645833333333 7.39875
BestFit 91358 4554 14240 96582 2538 0.978854166666667 7.97328125
BestFit 90152 4554 13920 94588 2451 0.9621875 7.51932291666667
BestFit 91266 4554 14217 96444 2539 0.97765625 7.56020833333333
BestFit 90904 4554 14124 95876 2506 0.9728125 7.48416666666667
