BestFit 86154 4554 12885 88236 2248 0.90828125 3.04890625
BestFit 88952 4554 13592 92508 2301 0.945104166666667 3.04489583333333
BestFit 85896 4554 12794 87584 2223 0.903541666666667 2.799375
BestFit 84364 4554 12396 85136 2229 0.8828125 2.58385416666667
BestFit 86826 4554 12989 88604 2319 0.913697916666667 2.70286458333333
BestFit 88638 4554 13465 91552 2249 0.938489583333333 2.5028125
BestFit 85406 4554 12623 86364 2137 0.894635416666667 2.45578125
BestFit 88464 4554 13462 91696 2295 0.938333333333333 3.14927083333333
BestFit 86728 4554 13022 89032 2248 0.915416666666667 3.26739583333333
BestFit 88356 4554 13394 91124 2257 0.934791666666667 2.86817708333333
BestFit 85952 4554 12827 87858 2289 0.905260416666667 2.8703125
BestFit 87718 4554 13241 90232 2290 0.926822916666667 2.73010416666667
BestFit 88182 4554 13344 90798 2292 0.9321875 2.80010416666667
BestFit 83566 4554 12168 83654 2148 0.8709375 2.42588541666667
BestFit 87212 4554 13124 89568 2272 0.920729166666667 2.90203125
BestFit 89380 4554 13666 92820 2325 0.948958333333333 2.69479166666667
BestFit 85112 4554 12562 86048 2194 0.891458333333333 2.69104166666667
BestFit 87798 4554 13234 90082 2289 0.926458333333333 2.62984375
BestFit 87664 4554 13213 90006 2305 0.925364583333333 2.68552083333333
BestFit 86588 4554 12937 88322 2227 0.910989583333333 2.70171875
