BestFit 92582 4554 14546 98418 2542 0.994791666666667 89.6639583333333
BestFit 92562 4554 14541 98388 2548 0.99453125 95.1704166666667
BestFit 92582 4554 14546 98418 2551 0.994791666666667 88.4741666666667
BestFit 92582 4554 14546 98418 2541 0.994791666666667 103.96484375
BestFit 92434 4554 14509 98196 2576 0.992864583333333 107.830208333333
BestFit 92582 4554 14546 98418 2512 0.994791666666667 101.507760416667
BestFit 92582 4554 14546 98418 2511 0.994791666666667 105.69765625
BestFit 91962 4554 14391 97488 2552 0.98671875 95.8348958333333
BestFit 92582 4554 14546 98418 2509 0.994791666666667 93.79984375
BestFit 91870 4554 14368 97350 2558 0.985520833333333 95.389375
BestFit 92158 4554 14440 97782 2568 0.989270833333333 85.4263020833333
BestFit 92582 4554 14546 98418 2573 0.994791666666667 116.42421875
BestFit 92478 4554 14520 98262 2571 0.9934375 87.4888541666667
BestFit 92582 4554 14546 98418 2649 0.994791666666667 87.8843229166667
BestFit 92210 4554 14453 97860 2558 0.989947916666667 91.65796875
BestFit 92582 4554 14546 98418 2517 0.994791666666667 88.87359375
BestFit 92222 4554 14456 97878 2553 0.990104166666667 79.96203125
BestFit 92582 4554 14546 98418 2561 0.994791666666667 77.6549479166667
BestFit 92582 4554 14546 98418 2509 0.994791666666667 97.0891666666667
BestFit 92582 4554 14546 98418 2502 0.994791666666667 88.5034895833333
