BestFit 1123 59 62 87 35
BestFit 1129 49 75 111 30
BestFit 492 35 16 18 16
BestFit 789 40 45 61 24
BestFit 640 40 29 50 20
BestFit 844 41 50 66 24
BestFit 861 48 45 69 27
BestFit 877 49 45 63 27
BestFit 1024 47 63 76 28
BestFit 830 45 44 60 30
BestFit 744 40 40 56 21
BestFit 811 38 51 79 27
BestFit 930 55 44 60 31
BestFit 976 49 57 84 25
BestFit 665 50 20 35 24
BestFit 798 48 38 62 23
BestFit 972 60 44 68 29
BestFit 703 41 34 47 20
BestFit 1062 48 67 88 32
BestFit 761 49 32 49 26
BestFit 691 35 39 49 20
BestFit 932 46 54 68 25
BestFit 1086 53 64 84 34
BestFit 1047 50 64 93 33
BestFit 1247 49 88 123 37
BestFit 859 44 50 81 28
BestFit 1133 46 78 107 39
BestFit 886 53 42 64 28
BestFit 983 51 55 77 30
