BestFit 15062 761 2295 15498 416 0.994791666666667
BestFit 15062 761 2295 15498 434 0.994791666666667
BestFit 15062 761 2295 15498 415 0.994791666666667
BestFit 15062 761 2295 15498 438 0.994791666666667
BestFit 15062 761 2295 15498 451 0.994791666666667
BestFit 15062 761 2295 15498 426 0.994791666666667
BestFit 15062 761 2295 15498 418 0.994791666666667
BestFit 15062 761 2295 15498 412 0.994791666666667
BestFit 15062 761 2295 15498 418 0.994791666666667
BestFit 15062 761 2295 15498 414 0.994791666666667
