BestFit 45898 3538 1437 3852 597 0.259114583333333 0.261041666666667 2.68058455114823
BestFit 47326 3729 1392 3884 594 0.26671875 0.27234375 2.79022988505747
BestFit 47220 3589 1520 3870 587 0.26609375 0.267135416666667 2.54605263157895
BestFit 39198 3157 1035 2722 521 0.218333333333333 0.218541666666667 2.62995169082126
BestFit 46374 3663 1324 3496 585 0.259739583333333 0.265416666666667 2.6404833836858
BestFit 44014 3450 1285 3336 562 0.246614583333333 0.249427083333333 2.59610894941634
BestFit 37564 3098 894 2356 461 0.207916666666667 0.2134375 2.63534675615213
BestFit 51930 3918 1753 4780 632 0.295364583333333 0.298541666666667 2.72675413576726
BestFit 47028 3614 1481 3922 581 0.265364583333333 0.26734375 2.64821066846725
BestFit 46366 3670 1333 3664 603 0.260572916666667 0.261770833333333 2.74868717179295
BestFit 47128 3718 1352 3572 587 0.2640625 0.265833333333333 2.64201183431953
BestFit 41832 3371 1106 2938 493 0.233177083333333 0.235 2.65641952983725
BestFit 54432 3951 2095 6028 658 0.314895833333333 0.32078125 2.87732696897375
BestFit 56064 3984 2264 6416 698 0.325416666666667 0.334010416666667 2.8339222614841
BestFit 51292 3856 1738 4648 613 0.291354166666667 0.294427083333333 2.67433831990794
BestFit 49410 3661 1784 5040 618 0.28359375 0.283697916666667 2.82511210762332
BestFit 49324 3707 1645 4196 602 0.27875 0.28046875 2.55075987841945
BestFit 40842 3364 968 2478 522 0.225625 0.225833333333333 2.5599173553719
BestFit 52986 3842 2012 5554 674 0.304895833333333 0.310677083333333 2.76043737574553
BestFit 43644 3473 1211 3196 517 0.243958333333333 0.245416666666667 2.63914120561519
BestFit 36222 3036 795 2088 471 0.19953125 0.201614583333333 2.62641509433962
BestFit 43660 3521 1120 2750 548 0.24171875 0.24484375 2.45535714285714
BestFit 48336 3698 1548 4124 591 0.273229166666667 0.28296875 2.6640826873385
BestFit 44500 3463 1323 3360 568 0.249270833333333 0.24953125 2.53968253968254
BestFit 44698 3454 1376 3602 560 0.2515625 0.254322916666667 2.61773255813953
BestFit 49116 3732 1563 3834 613 0.27578125 0.277135416666667 2.45297504798465
BestFit 49602 3691 1737 4678 612 0.282708333333333 0.28828125 2.69314910765688
BestFit 49264 3718 1652 4436 626 0.2796875 0.280260416666667 2.68523002421307
BestFit 45074 3438 1433 3636 588 0.253697916666667 0.2571875 2.53733426378228
BestFit 50966 3769 1830 5024 645 0.291614583333333 0.2940625 2.74535519125683
