BestFit 91390 4554 14245 96600 2581 0.979114583333333 12.6645833333333
BestFit 91882 4554 14371 97368 2509 0.985677083333333 12.6822395833333
BestFit 91154 4554 14189 96276 2521 0.976197916666667 14.5538541666667
BestFit 91822 4554 14356 97278 2540 0.984895833333333 13.7670833333333
BestFit 91882 4554 14371 97368 2508 0.985677083333333 12.4953125
BestFit 91634 4554 14309 96996 2515 0.982447916666667 12.6444270833333
BestFit 92062 4554 14416 97638 2533 0.988020833333333 12.6048958333333
BestFit 91614 4554 14304 96966 2490 0.9821875 12.4304166666667
BestFit 91770 4554 14343 97200 2514 0.98421875 12.5895833333333
BestFit 92090 4554 14423 97680 2540 0.988385416666667 12.46484375
BestFit 91726 4554 14332 97134 2509 0.983645833333333 12.10515625
BestFit 91934 4554 14384 97446 2525 0.986354166666667 13.03046875
BestFit 90950 4554 14138 95970 2562 0.973541666666667 12.7559375
BestFit 91358 4554 14240 96582 2523 0.978854166666667 12.6245833333333
BestFit 91002 4554 14151 96048 2549 0.97421875 12.481875
BestFit 91626 4554 14307 96984 2497 0.98234375 9.80807291666667
BestFit 91126 4554 14182 96234 2574 0.975833333333333 13.0580208333333
BestFit 91714 4554 14329 97116 2550 0.983489583333333 12.75625
BestFit 90938 4554 14135 95952 2519 0.973385416666667 12.8544270833333
BestFit 91670 4554 14318 97050 2527 0.982916666666667 12.4803645833333
