FirstFit 1087 49 69 93 29
FirstFit 1170 38 92 130 35
FirstFit 945 49 53 75 27
FirstFit 787 27 60 83 25
FirstFit 666 28 45 64 20
FirstFit 685 32 44 75 22
FirstFit 870 42 53 80 28
FirstFit 809 33 56 81 23
FirstFit 829 35 57 91 28
FirstFit 1203 42 91 127 35
FirstFit 1162 47 81 118 30
FirstFit 1088 39 82 122 35
FirstFit 865 47 45 55 32
FirstFit 1362 50 101 148 38
FirstFit 1111 46 77 119 37
FirstFit 882 31 65 78 29
FirstFit 948 37 67 92 27
FirstFit 1382 47 107 158 41
FirstFit 1149 44 82 111 30
FirstFit 1269 49 92 141 35
FirstFit 1026 46 66 94 28
FirstFit 1390 51 103 150 37
FirstFit 930 41 62 100 27
FirstFit 1233 42 94 127 32
FirstFit 1155 48 79 115 41
FirstFit 833 34 59 97 25
FirstFit 1280 49 92 130 39
FirstFit 910 30 71 100 31
FirstFit 1331 52 94 129 42
