FirstFit 74600 2236 9677 44530 1342 0.62046875 0.63234375
FirstFit 93830 2295 12862 57740 1685 0.789427083333333 0.830520833333333
FirstFit 82952 2278 11342 53248 1530 0.709375 0.729322916666667
FirstFit 85052 2247 12535 62768 1745 0.769895833333333 0.788854166666667
FirstFit 83292 2290 11185 51458 1548 0.701822916666667 0.708697916666667
FirstFit 84964 2295 11312 51106 1550 0.708697916666667 0.715885416666667
FirstFit 80998 2291 10618 48092 1501 0.67234375 0.681927083333333
FirstFit 73210 2286 9692 46570 1370 0.623854166666667 0.6309375
FirstFit 76080 2295 10314 50010 1439 0.65671875 0.65734375
FirstFit 88848 2247 12315 56772 1637 0.7584375 0.769166666666667
FirstFit 85612 2295 11249 49828 1633 0.705416666666667 0.712552083333333
FirstFit 77606 2295 10786 53204 1520 0.681302083333333 0.690208333333333
FirstFit 79222 2295 10853 52258 1503 0.684791666666667 0.688333333333333
FirstFit 79418 2267 10377 47022 1428 0.658541666666667 0.6615625
FirstFit 77262 2295 11010 55788 1493 0.69296875 0.71
FirstFit 88388 2295 12535 59912 1671 0.772395833333333 0.783125
FirstFit 86442 2295 12387 60378 1635 0.7646875 0.78046875
FirstFit 73512 2292 9444 43848 1427 0.61125 0.61390625
FirstFit 86822 2295 11479 50918 1626 0.717395833333333 0.730625
FirstFit 77182 2290 10722 52938 1624 0.677708333333333 0.683072916666667
FirstFit 85122 2258 10877 46228 1501 0.684114583333333 0.709114583333333
FirstFit 71106 2280 9231 44004 1448 0.59953125 0.601302083333333
FirstFit 82624 2295 10892 49246 1563 0.686822916666667 0.690625
FirstFit 84538 2295 11423 52642 1569 0.714479166666667 0.720104166666667
FirstFit 85018 2295 10742 45352 1576 0.679010416666667 0.684010416666667
FirstFit 88694 2295 11872 52976 1644 0.737864583333333 0.751666666666667
FirstFit 75506 2268 10183 49004 1382 0.648489583333333 0.659166666666667
FirstFit 71476 2295 9728 48754 1435 0.626197916666667 0.642395833333333
FirstFit 75304 2287 9660 44166 1359 0.622239583333333 0.627760416666667
FirstFit 85042 2295 11351 51418 1601 0.710729166666667 0.727447916666667
