FirstFit 15062 761 2295 15498 340 0.994791666666667
FirstFit 15062 761 2295 15498 350 0.994791666666667
FirstFit 15062 761 2295 15498 350 0.994791666666667
FirstFit 15062 761 2295 15498 367 0.994791666666667
FirstFit 15062 761 2295 15498 358 0.994791666666667
FirstFit 15062 761 2295 15498 356 0.994791666666667
FirstFit 15062 761 2295 15498 355 0.994791666666667
FirstFit 15062 761 2295 15498 352 0.994791666666667
FirstFit 15062 761 2295 15498 351 0.994791666666667
FirstFit 15062 761 2295 15498 344 0.994791666666667
