FirstFit 12998 997 809 5062 206 0.0940625 0.0940625
FirstFit 12326 973 719 4594 200 0.088125 0.088125
FirstFit 13798 1131 662 4132 203 0.0933854166666667 0.09421875
FirstFit 11654 850 855 5396 197 0.0888020833333333 0.0888020833333333
FirstFit 11936 843 941 5904 200 0.0929166666666667 0.0931770833333333
FirstFit 10490 808 687 4460 186 0.0778645833333333 0.078125
FirstFit 13208 1044 797 5202 204 0.0958854166666667 0.0985416666666667
FirstFit 12296 954 763 4874 194 0.0894270833333333 0.0896354166666667
FirstFit 10996 813 794 5074 184 0.0836979166666667 0.0853645833333333
FirstFit 11510 887 742 4780 190 0.08484375 0.0849479166666667
FirstFit 11436 842 811 5094 179 0.08609375 0.0865625
FirstFit 12770 936 931 5900 218 0.0972395833333333 0.09828125
FirstFit 11946 945 709 4594 181 0.0861458333333333 0.0861458333333333
FirstFit 13618 1083 751 4722 217 0.0955208333333333 0.0955208333333333
FirstFit 12400 1002 659 4210 189 0.0865104166666667 0.0865104166666667
FirstFit 12406 961 801 5214 196 0.0917708333333333 0.0917708333333333
FirstFit 12646 969 831 5354 197 0.09375 0.0939583333333333
FirstFit 10478 885 463 3002 165 0.0702083333333333 0.0702083333333333
FirstFit 13208 1068 758 5052 197 0.0951041666666667 0.0966145833333333
FirstFit 12666 993 757 4834 213 0.0911458333333333 0.0916145833333333
FirstFit 11688 868 816 5152 203 0.0877083333333333 0.0883854166666667
FirstFit 10946 796 813 5144 177 0.0838020833333333 0.0838020833333333
FirstFit 12166 866 930 5794 208 0.0935416666666667 0.0947395833333333
FirstFit 12802 978 843 5408 185 0.09484375 0.095625
FirstFit 14318 1084 945 5972 230 0.105677083333333 0.105677083333333
FirstFit 14350 1129 852 5460 200 0.103177083333333 0.103541666666667
FirstFit 12428 994 727 4782 209 0.0896354166666667 0.0896354166666667
FirstFit 12182 987 610 3788 178 0.0831770833333333 0.08359375
FirstFit 9618 748 589 3752 155 0.0696354166666667 0.0709895833333333
FirstFit 13416 1020 877 5554 221 0.0988020833333333 0.0988020833333333
