FirstFit 92486 4554 14522 98274 2168 0.993541666666667 66.0991666666667
FirstFit 92582 4554 14546 98418 2206 0.994791666666667 48.6319270833333
FirstFit 92582 4554 14546 98418 2147 0.994791666666667 62.31390625
FirstFit 92582 4554 14546 98418 2230 0.994791666666667 53.9896354166667
FirstFit 92582 4554 14546 98418 2245 0.994791666666667 51.9697916666667
FirstFit 92026 4554 14407 97584 2164 0.987552083333333 57.4013541666667
FirstFit 92582 4554 14546 98418 2164 0.994791666666667 60.8970833333333
FirstFit 92386 4554 14497 98124 2221 0.992239583333333 54.078125
FirstFit 92582 4554 14546 98418 2247 0.994791666666667 56.8539583333333
FirstFit 92582 4554 14546 98418 2213 0.994791666666667 64.81359375
FirstFit 92582 4554 14546 98418 2225 0.994791666666667 60.5152083333333
FirstFit 92582 4554 14546 98418 2210 0.994791666666667 59.1666666666667
FirstFit 92582 4554 14546 98418 2215 0.994791666666667 54.1884895833333
FirstFit 92582 4554 14546 98418 2203 0.994791666666667 54.94453125
FirstFit 92582 4554 14546 98418 2168 0.994791666666667 58.6494791666667
FirstFit 92582 4554 14546 98418 2222 0.994791666666667 65.7324479166667
FirstFit 92582 4554 14546 98418 2192 0.994791666666667 61.9119270833333
FirstFit 92582 4554 14546 98418 2216 0.994791666666667 59.71171875
FirstFit 92582 4554 14546 98418 2147 0.994791666666667 58.6418229166667
FirstFit 92582 4554 14546 98418 2222 0.994791666666667 53.7500520833333
