FirstFit 92582 4554 14546 98418 2192 0.994791666666667 18.6323958333333
FirstFit 92582 4554 14546 98418 2248 0.994791666666667 20.1423958333333
FirstFit 92430 4554 14508 98190 2225 0.9928125 21.7788541666667
FirstFit 92582 4554 14546 98418 2194 0.994791666666667 19.4180208333333
FirstFit 92582 4554 14546 98418 2196 0.994791666666667 22.9247395833333
FirstFit 92290 4554 14473 97980 2203 0.990989583333333 20.780625
FirstFit 92582 4554 14546 98418 2251 0.994791666666667 18.3371354166667
FirstFit 92582 4554 14546 98418 2155 0.994791666666667 23.5897395833333
FirstFit 92582 4554 14546 98418 2232 0.994791666666667 21.7484895833333
FirstFit 92582 4554 14546 98418 2245 0.994791666666667 20.3405208333333
FirstFit 92230 4554 14458 97890 2235 0.990208333333333 19.6638541666667
FirstFit 92286 4554 14472 97974 2241 0.9909375 20.1058854166667
FirstFit 92582 4554 14546 98418 2168 0.994791666666667 21.82953125
FirstFit 92582 4554 14546 98418 2245 0.994791666666667 25.0234375
FirstFit 92582 4554 14546 98418 2218 0.994791666666667 21.6811458333333
FirstFit 92582 4554 14546 98418 2198 0.994791666666667 20.32109375
FirstFit 92582 4554 14546 98418 2152 0.994791666666667 19.9750520833333
FirstFit 92254 4554 14464 97926 2252 0.990520833333333 20.8713020833333
FirstFit 92582 4554 14546 98418 2246 0.994791666666667 19.4821875
FirstFit 92582 4554 14546 98418 2221 0.994791666666667 22.8103125
