FirstFit 1245 36 103 145 31
FirstFit 1030 35 80 120 32
FirstFit 770 30 55 80 28
FirstFit 1125 49 74 105 29
FirstFit 1023 30 84 117 34
FirstFit 928 34 69 102 23
FirstFit 1182 43 89 138 40
FirstFit 769 28 57 81 25
FirstFit 1106 42 80 114 35
FirstFit 1048 35 81 112 27
FirstFit 592 28 36 48 17
FirstFit 1007 35 77 113 36
FirstFit 1186 52 78 114 35
FirstFit 1320 48 98 140 32
FirstFit 756 29 56 94 23
FirstFit 793 33 54 77 27
FirstFit 1206 43 90 124 34
FirstFit 610 23 44 60 23
FirstFit 933 34 69 97 29
FirstFit 1115 45 77 105 31
FirstFit 816 31 59 84 28
FirstFit 1007 44 65 83 29
FirstFit 1258 40 100 142 35
FirstFit 849 29 66 101 26
FirstFit 798 40 47 72 24
FirstFit 994 33 78 116 29
FirstFit 1034 50 62 86 34
FirstFit 969 32 75 101 32
FirstFit 567 30 31 43 19
