FirstFit 1644 56 127 186 47
FirstFit 1676 51 136 194 52
FirstFit 1644 53 130 186 54
FirstFit 1680 60 126 180 54
FirstFit 1678 54 133 192 48
FirstFit 1697 57 131 183 47
FirstFit 1701 59 129 179 50
FirstFit 1683 57 130 187 46
FirstFit 1639 57 125 181 41
FirstFit 1714 68 120 166 58
FirstFit 1656 51 134 194 46
FirstFit 1611 56 123 179 52
FirstFit 1612 54 125 178 51
FirstFit 1682 56 131 188 50
FirstFit 1679 52 135 191 49
FirstFit 1684 52 136 196 49
FirstFit 1595 58 119 175 49
FirstFit 1641 46 138 199 44
FirstFit 1576 57 118 174 46
FirstFit 1639 56 126 181 50
FirstFit 1664 60 124 176 42
FirstFit 1620 55 125 180 43
FirstFit 1681 64 121 169 51
FirstFit 1652 52 132 188 44
FirstFit 1571 48 128 189 41
FirstFit 1635 60 121 175 50
FirstFit 1612 45 136 198 51
FirstFit 1612 61 117 168 44
FirstFit 1702 62 126 178 48
FirstFit 1642 56 126 178 54
FirstFit 1692 54 134 188 48
FirstFit 1672 53 133 188 48
FirstFit 1692 56 132 188 50
FirstFit 1700 60 128 180 49
FirstFit 1643 57 125 177 45
FirstFit 1592 59 117 168 48
FirstFit 1582 66 108 158 53
FirstFit 1645 55 128 185 46
FirstFit 1658 52 133 192 51
FirstFit 1520 53 116 170 47
FirstFit 1537 54 117 173 48
FirstFit 1688 51 137 192 50
FirstFit 1664 59 125 176 47
FirstFit 1586 55 121 174 51
FirstFit 1659 50 135 191 53
FirstFit 1493 49 118 177 46
FirstFit 1618 54 126 182 52
FirstFit 1666 62 122 174 46
FirstFit 1627 59 121 173 56
FirstFit 1620 58 121 170 50
FirstFit 1690 53 135 190 53
FirstFit 1626 54 127 184 51
FirstFit 1703 61 127 177 53
FirstFit 1584 52 125 186 44
FirstFit 1649 52 132 191 47
FirstFit 1648 51 133 192 51
FirstFit 1660 62 121 170 48
FirstFit 1666 53 133 194 54
FirstFit 1647 52 132 193 55
