FirstFit 1104 50 71 106 33
FirstFit 1093 41 79 107 29
FirstFit 938 43 59 82 26
FirstFit 1117 41 81 103 32
FirstFit 934 31 72 96 25
FirstFit 989 36 72 91 28
FirstFit 1023 42 70 97 26
FirstFit 989 26 85 121 34
FirstFit 656 14 60 84 28
FirstFit 754 29 53 66 25
FirstFit 940 39 64 90 22
FirstFit 1028 40 73 102 33
FirstFit 996 35 76 114 24
FirstFit 1247 48 90 133 36
FirstFit 813 37 51 67 23
FirstFit 1149 41 86 121 29
FirstFit 671 35 37 49 20
FirstFit 1327 50 97 143 39
FirstFit 1018 35 79 122 29
FirstFit 807 37 51 73 25
FirstFit 844 38 54 76 27
FirstFit 930 37 67 110 28
FirstFit 1142 40 87 128 33
FirstFit 1001 37 74 109 33
FirstFit 1249 44 94 131 36
FirstFit 1011 46 64 89 29
FirstFit 964 38 69 106 27
FirstFit 1286 42 101 144 38
FirstFit 1189 56 73 101 32
