FirstFit 1620 52 129 190 54
FirstFit 1701 71 115 159 48
FirstFit 1642 47 137 198 49
FirstFit 1618 55 125 182 44
FirstFit 1590 59 117 170 45
FirstFit 1674 60 125 176 50
FirstFit 1690 61 126 180 51
FirstFit 1649 56 127 181 47
FirstFit 1623 58 122 177 49
FirstFit 1507 53 115 173 45
FirstFit 1561 57 116 169 45
FirstFit 1655 45 141 205 41
FirstFit 1690 52 136 190 46
FirstFit 1657 56 128 183 43
FirstFit 1402 50 106 158 41
FirstFit 1653 64 118 167 49
FirstFit 1652 50 135 198 47
FirstFit 1670 56 130 190 48
FirstFit 1684 55 132 186 51
FirstFit 1548 57 115 172 48
FirstFit 1659 57 127 181 46
FirstFit 1658 51 134 192 48
FirstFit 1625 65 114 165 53
FirstFit 1601 48 131 189 51
FirstFit 1394 54 101 156 41
FirstFit 1643 52 131 187 48
FirstFit 1568 48 128 192 48
FirstFit 1662 63 120 168 45
FirstFit 1605 60 117 165 49
FirstFit 1672 50 137 198 43
FirstFit 1567 56 118 173 49
FirstFit 1575 53 123 185 43
FirstFit 1649 56 127 181 42
FirstFit 1558 54 119 172 44
FirstFit 1684 53 135 196 49
FirstFit 1606 47 133 194 42
FirstFit 1607 43 138 203 48
FirstFit 1639 50 133 191 49
FirstFit 1641 50 133 189 39
FirstFit 1696 54 134 184 52
FirstFit 1618 57 122 172 50
FirstFit 1535 47 125 185 46
FirstFit 1439 51 107 141 44
FirstFit 1544 49 124 186 49
FirstFit 1501 57 109 159 47
FirstFit 1611 56 123 179 52
FirstFit 1648 54 130 192 52
FirstFit 1659 53 131 181 50
FirstFit 1610 65 112 160 48
FirstFit 1574 61 112 156 49
FirstFit 1576 48 128 184 47
FirstFit 1688 67 118 162 52
FirstFit 1607 44 137 203 50
FirstFit 1649 59 124 181 52
FirstFit 1576 59 116 174 42
FirstFit 1667 54 132 193 51
FirstFit 1597 59 118 173 49
FirstFit 1668 55 130 182 51
FirstFit 1646 43 142 204 51
