FirstFit 87206 4554 13199 90324 1865 0.924635416666667 1.12489583333333 6.84324570043185
FirstFit 88460 4554 13446 91540 2002 0.9375 1.06463541666667 6.8079726312658
FirstFit 88980 4554 13642 92980 2016 0.947708333333333 1.22052083333333 6.81571617064946
FirstFit 85360 4554 12609 86270 1956 0.89390625 1.0478125 6.84193829804108
FirstFit 87582 4554 13296 90918 1998 0.9296875 1.09166666666667 6.8379963898917
FirstFit 87040 4530 12935 87610 1973 0.909635416666667 1.01510416666667 6.77309625048319
FirstFit 88806 4554 13540 92134 2051 0.942395833333333 1.15651041666667 6.80457902511078
FirstFit 86814 4554 12978 88506 1901 0.913125 1.05541666666667 6.81969486823856
FirstFit 87854 4554 13241 90096 1899 0.926822916666667 1.14848958333333 6.80431991541424
FirstFit 87144 4471 13144 89006 2022 0.917447916666667 1.03786458333333 6.77160681679854
FirstFit 90370 4554 13993 95100 2033 0.965989583333333 1.22125 6.79625527049239
FirstFit 87872 4554 13342 91088 1907 0.932083333333333 1.17098958333333 6.82716234447609
FirstFit 87756 4550 13116 88904 2043 0.920104166666667 0.961354166666667 6.77828606282403
FirstFit 88350 4554 13318 90370 1959 0.930833333333333 1.09567708333333 6.78555338639435
FirstFit 89172 4554 13681 93178 2008 0.949739583333333 1.09609375 6.81075944740881
FirstFit 84370 4554 12385 85020 1960 0.882239583333333 0.970416666666667 6.86475575292693
FirstFit 87556 4554 13220 90184 1946 0.925729166666667 1.10083333333333 6.82178517397882
FirstFit 88522 4537 13283 89678 2022 0.928125 1.03510416666667 6.75133629451178
FirstFit 86558 4554 13026 89242 1909 0.915625 1.18104166666667 6.85106709657608
FirstFit 87832 4554 13292 90628 1994 0.929479166666667 1.09552083333333 6.81823653325309
FirstFit 84754 4554 12525 86036 1870 0.88953125 1.09114583333333 6.86914171656687
FirstFit 87480 4554 13172 89780 2021 0.923229166666667 1.03026041666667 6.81597327664743
FirstFit 88836 4554 13608 92784 1989 0.9459375 1.1440625 6.81834215167549
FirstFit 88736 4554 13583 92634 1966 0.944635416666667 1.21197916666667 6.81984833983656
FirstFit 86956 4554 13052 89104 1977 0.916979166666667 1.04052083333333 6.8268464603126
FirstFit 86964 4499 13231 90336 2015 0.9234375 1.03145833333333 6.82760184415388
FirstFit 87238 4554 13054 88842 1901 0.917083333333333 0.99875 6.80573004443083
FirstFit 89680 4554 13816 94020 1977 0.956770833333333 1.21734375 6.80515344528083
FirstFit 86578 4554 13045 89412 1881 0.916614583333333 1.111875 6.85412035262553
FirstFit 88126 4554 13319 90604 2086 0.930885416666667 1.03666666666667 6.80261280876943
