FirstFit 1697 58 130 183 54 0.979166666666667
FirstFit 1566 61 112 164 51 0.901041666666667
FirstFit 1668 57 128 182 47 0.963541666666667
FirstFit 1616 58 121 174 44 0.932291666666667
FirstFit 1674 46 142 206 51 0.979166666666667
FirstFit 1599 47 132 191 54 0.932291666666667
FirstFit 1652 61 122 178 52 0.953125
FirstFit 1512 60 107 158 41 0.869791666666667
FirstFit 1628 56 125 182 47 0.942708333333333
FirstFit 1664 52 134 196 47 0.96875
FirstFit 1644 58 124 176 53 0.947916666666667
FirstFit 1451 48 114 169 47 0.84375
FirstFit 1537 61 109 163 47 0.885416666666667
FirstFit 1646 50 134 194 60 0.958333333333333
FirstFit 1704 63 125 176 52 0.979166666666667
FirstFit 1620 49 132 190 53 0.942708333333333
FirstFit 1523 50 120 177 47 0.885416666666667
FirstFit 1630 57 124 180 51 0.942708333333333
FirstFit 1548 57 115 172 47 0.895833333333333
FirstFit 1596 62 114 164 47 0.916666666666667
FirstFit 1524 52 118 176 48 0.885416666666667
FirstFit 1647 46 139 203 50 0.963541666666667
FirstFit 1667 42 146 213 54 0.979166666666667
FirstFit 1654 56 128 186 47 0.958333333333333
FirstFit 1575 52 124 185 53 0.916666666666667
FirstFit 1674 46 142 206 44 0.979166666666667
FirstFit 1569 64 109 161 46 0.901041666666667
FirstFit 1591 43 136 199 50 0.932291666666667
FirstFit 1636 54 128 184 58 0.947916666666667
FirstFit 1584 59 116 166 56 0.911458333333333
FirstFit 1582 57 119 178 53 0.916666666666667
FirstFit 1648 55 128 182 54 0.953125
FirstFit 1610 67 110 160 54 0.921875
FirstFit 1429 60 98 151 36 0.822916666666667
FirstFit 1605 61 116 165 52 0.921875
FirstFit 1686 59 128 184 55 0.973958333333333
FirstFit 1697 63 124 173 49 0.973958333333333
FirstFit 1698 60 128 182 55 0.979166666666667
FirstFit 1626 59 121 174 44 0.9375
FirstFit 1676 56 130 184 41 0.96875
FirstFit 1662 44 143 208 53 0.973958333333333
FirstFit 1571 54 121 179 44 0.911458333333333
FirstFit 1643 53 130 187 51 0.953125
FirstFit 1689 56 132 191 50 0.979166666666667
FirstFit 1551 52 121 179 43 0.901041666666667
FirstFit 1661 53 132 189 47 0.963541666666667
FirstFit 1662 53 132 188 49 0.963541666666667
FirstFit 1683 55 132 187 49 0.973958333333333
FirstFit 1633 62 118 167 48 0.9375
FirstFit 1678 62 123 172 45 0.963541666666667
FirstFit 1616 52 128 184 51 0.9375
FirstFit 1594 54 123 176 44 0.921875
FirstFit 1566 49 126 184 45 0.911458333333333
FirstFit 1643 53 130 187 49 0.953125
FirstFit 1579 44 134 201 51 0.927083333333333
FirstFit 1667 47 140 203 56 0.973958333333333
FirstFit 1669 67 116 161 55 0.953125
FirstFit 1661 53 132 189 54 0.963541666666667
FirstFit 1579 44 134 201 50 0.927083333333333
FirstFit 1644 64 117 166 56 0.942708333333333
