FirstFit 15062 761 2295 15498 352 0.994791666666667
FirstFit 15062 761 2295 15498 354 0.994791666666667
FirstFit 15062 761 2295 15498 340 0.994791666666667
FirstFit 15062 761 2295 15498 334 0.994791666666667
FirstFit 15062 761 2295 15498 339 0.994791666666667
FirstFit 15062 761 2295 15498 351 0.994791666666667
FirstFit 15062 761 2295 15498 365 0.994791666666667
FirstFit 15062 761 2295 15498 347 0.994791666666667
FirstFit 15062 761 2295 15498 358 0.994791666666667
FirstFit 15062 761 2295 15498 349 0.994791666666667
