FirstFit 146926 4554 14066 39274 2063 0.969791666666667 1.68744791666667 2.79212284942414
FirstFit 146910 4554 14064 39270 2090 0.9696875 1.78135416666667 2.79223549488055
FirstFit 145142 4554 13843 38828 2046 0.958177083333333 1.54135416666667 2.80488333453731
FirstFit 145958 4554 13945 39032 1989 0.963489583333333 1.69 2.79899605593403
FirstFit 143718 4554 13665 38472 1985 0.94890625 1.565625 2.81536772777168
FirstFit 146958 4554 14070 39282 2121 0.97 1.73453125 2.79189765458422
FirstFit 144974 4554 13822 38786 2095 0.957083333333333 1.78119791666667 2.8061062074953
FirstFit 144398 4554 13750 38642 2041 0.953333333333333 1.80911458333333 2.81032727272727
FirstFit 145710 4554 13914 38970 1977 0.961875 1.50796875 2.80077619663648
FirstFit 145406 4554 13876 38894 1972 0.959895833333333 1.49328125 2.80296915537619
FirstFit 148310 4554 14239 39620 2114 0.978802083333333 1.68703125 2.78249877098111
FirstFit 146790 4554 14049 39240 2015 0.96890625 1.71390625 2.79308135810378
FirstFit 148502 4554 14263 39668 2131 0.980052083333333 1.70973958333333 2.78118207950642
FirstFit 147062 4554 14083 39308 2067 0.970677083333333 1.80020833333333 2.79116665483207
FirstFit 146886 4554 14061 39264 2118 0.96953125 1.72791666666667 2.79240452314914
FirstFit 148598 4554 14275 39692 2123 0.980677083333333 1.8475 2.78052539404553
FirstFit 147902 4554 14188 39518 2063 0.976145833333333 1.95911458333333 2.78531153087116
FirstFit 144254 4554 13732 38606 2059 0.952395833333333 1.6965625 2.81138945528692
FirstFit 146430 4554 14004 39150 2030 0.9665625 1.59744791666667 2.79562982005141
FirstFit 148558 4554 14270 39682 2174 0.980416666666667 1.8015625 2.78079887876664
FirstFit 146758 4554 14045 39232 2019 0.968697916666667 1.65255208333333 2.79330722677109
FirstFit 145086 4554 13836 38814 2113 0.9578125 1.80770833333333 2.80529054640069
FirstFit 143110 4554 13589 38320 2073 0.944947916666667 1.56885416666667 2.81992788284642
FirstFit 142734 4554 13542 38226 2044 0.9425 1.58479166666667 2.8227735932654
FirstFit 146054 4554 13957 39056 2034 0.964114583333333 1.73348958333333 2.79830909221179
FirstFit 147262 4554 14108 39358 2115 0.971979166666667 1.47864583333333 2.78976467252623
FirstFit 147846 4554 14181 39504 2051 0.97578125 1.74677083333333 2.7856991749524
FirstFit 147966 4554 14196 39534 2120 0.9765625 1.68427083333333 2.78486897717667
FirstFit 147390 4554 14124 39390 2055 0.9728125 1.82692708333333 2.78887000849618
FirstFit 148782 4554 14298 39738 2174 0.981875 1.97760416666667 2.77926982794796
