FirstFit 930 34 83 240 29 0.609375
FirstFit 912 46 66 208 27 0.583333333333333
FirstFit 840 30 75 210 27 0.546875
FirstFit 814 39 60 176 22 0.515625
FirstFit 674 37 42 116 21 0.411458333333333
FirstFit 748 36 53 142 24 0.463541666666667
FirstFit 754 30 61 156 24 0.473958333333333
FirstFit 540 22 44 120 23 0.34375
FirstFit 682 29 53 138 24 0.427083333333333
FirstFit 758 41 49 142 20 0.46875
FirstFit 662 25 57 158 21 0.427083333333333
FirstFit 808 42 53 142 24 0.494791666666667
FirstFit 628 30 48 152 21 0.40625
FirstFit 470 17 40 100 17 0.296875
FirstFit 878 47 56 152 29 0.536458333333333
FirstFit 772 43 49 148 23 0.479166666666667
FirstFit 930 43 66 160 25 0.567708333333333
FirstFit 864 40 65 186 30 0.546875
FirstFit 596 29 42 114 29 0.369791666666667
FirstFit 522 18 48 138 22 0.34375
FirstFit 504 16 50 156 20 0.34375
FirstFit 804 43 54 166 26 0.505208333333333
FirstFit 572 31 41 148 22 0.375
FirstFit 736 42 46 144 21 0.458333333333333
FirstFit 682 28 57 168 21 0.442708333333333
FirstFit 946 42 71 184 27 0.588541666666667
FirstFit 918 36 79 232 34 0.598958333333333
FirstFit 542 26 37 88 16 0.328125
FirstFit 844 41 61 176 27 0.53125
FirstFit 706 42 41 124 23 0.432291666666667
FirstFit 466 29 25 74 15 0.28125
FirstFit 532 20 48 148 20 0.354166666666667
FirstFit 322 8 34 98 15 0.21875
FirstFit 982 40 79 208 28 0.619791666666667
FirstFit 554 31 36 116 18 0.348958333333333
FirstFit 648 30 48 132 19 0.40625
FirstFit 968 38 82 232 35 0.625
FirstFit 934 46 70 226 29 0.604166666666667
FirstFit 1000 48 74 220 30 0.635416666666667
FirstFit 634 45 29 106 15 0.385416666666667
FirstFit 526 25 39 114 20 0.333333333333333
FirstFit 674 23 61 166 23 0.4375
FirstFit 498 25 32 72 13 0.296875
FirstFit 434 21 33 106 16 0.28125
FirstFit 512 26 34 88 20 0.3125
FirstFit 520 24 40 120 22 0.333333333333333
FirstFit 648 27 49 112 17 0.395833333333333
FirstFit 654 28 54 166 19 0.427083333333333
FirstFit 686 33 52 164 17 0.442708333333333
FirstFit 650 32 45 120 21 0.401041666666667
FirstFit 838 37 67 202 34 0.541666666666667
FirstFit 780 28 70 200 22 0.510416666666667
FirstFit 810 41 57 170 30 0.510416666666667
FirstFit 714 37 47 126 23 0.4375
FirstFit 468 31 21 52 16 0.270833333333333
FirstFit 904 38 73 206 30 0.578125
FirstFit 714 41 44 136 20 0.442708333333333
FirstFit 1084 58 72 216 30 0.677083333333333
FirstFit 362 20 21 48 15 0.213541666666667
FirstFit 930 33 85 250 29 0.614583333333333
