FirstFit 91526 4554 14282 96834 2106 0.981041666666667 3.04890625
FirstFit 91426 4554 14257 96684 2087 0.979739583333333 3.04489583333333
FirstFit 91566 4554 14292 96894 2094 0.9815625 2.799375
FirstFit 90602 4554 14051 95448 2138 0.969010416666667 2.58385416666667
FirstFit 92006 4554 14402 97554 2220 0.987291666666667 2.70286458333333
FirstFit 91178 4554 14195 96312 2086 0.976510416666667 2.5028125
FirstFit 91118 4554 14180 96222 2085 0.975729166666667 2.45578125
FirstFit 92330 4554 14483 98040 2135 0.991510416666667 3.14927083333333
FirstFit 91674 4554 14319 97056 2086 0.98296875 3.26739583333333
FirstFit 91638 4554 14310 97002 2096 0.9825 2.86817708333333
FirstFit 90894 4554 14124 95886 2158 0.9728125 2.8703125
FirstFit 92014 4554 14404 97566 2134 0.987395833333333 2.73010416666667
FirstFit 92338 4554 14485 98052 2147 0.991614583333333 2.80010416666667
FirstFit 90206 4554 13952 94854 2073 0.963854166666667 2.42588541666667
FirstFit 90786 4554 14097 95724 2112 0.97140625 2.90203125
FirstFit 92098 4554 14425 97692 2143 0.988489583333333 2.69479166666667
FirstFit 90154 4554 13939 94776 2088 0.963177083333333 2.69104166666667
FirstFit 91762 4554 14341 97188 2152 0.984114583333333 2.62984375
FirstFit 92130 4554 14433 97740 2136 0.98890625 2.68552083333333
FirstFit 91686 4554 14322 97074 2064 0.983125 2.70171875
