FirstFit 92582 4554 14546 98418 2192 0.994791666666667 89.6639583333333
FirstFit 92582 4554 14546 98418 2186 0.994791666666667 95.1704166666667
FirstFit 92582 4554 14546 98418 2254 0.994791666666667 88.4741666666667
FirstFit 92582 4554 14546 98418 2246 0.994791666666667 103.96484375
FirstFit 92582 4554 14546 98418 2216 0.994791666666667 107.830208333333
FirstFit 92582 4554 14546 98418 2227 0.994791666666667 101.507760416667
FirstFit 92582 4554 14546 98418 2198 0.994791666666667 105.69765625
FirstFit 92202 4554 14451 97848 2189 0.98984375 95.8348958333333
FirstFit 92582 4554 14546 98418 2173 0.994791666666667 93.79984375
FirstFit 92582 4554 14546 98418 2233 0.994791666666667 95.389375
FirstFit 92582 4554 14546 98418 2245 0.994791666666667 85.4263020833333
FirstFit 92582 4554 14546 98418 2185 0.994791666666667 116.42421875
FirstFit 92582 4554 14546 98418 2217 0.994791666666667 87.4888541666667
FirstFit 92582 4554 14546 98418 2259 0.994791666666667 87.8843229166667
FirstFit 92502 4554 14526 98298 2205 0.99375 91.65796875
FirstFit 92582 4554 14546 98418 2194 0.994791666666667 88.87359375
FirstFit 92582 4554 14546 98418 2184 0.994791666666667 79.96203125
FirstFit 92582 4554 14546 98418 2158 0.994791666666667 77.6549479166667
FirstFit 92582 4554 14546 98418 2150 0.994791666666667 97.0891666666667
FirstFit 92582 4554 14546 98418 2183 0.994791666666667 88.5034895833333
