FirstFit 90106 2295 13091 63754 1779 0.801354166666667 0.825885416666667
FirstFit 86418 2295 12303 59562 1683 0.7603125 0.78265625
FirstFit 93768 2295 13719 66372 1816 0.8340625 0.864427083333333
FirstFit 89582 2295 12808 61448 1785 0.786614583333333 0.805989583333333
FirstFit 102400 2295 15185 72400 1957 0.910416666666667 0.992135416666667
FirstFit 100260 2295 14802 70710 1890 0.89046875 0.964010416666667
FirstFit 98214 2295 13965 64386 1785 0.846875 0.878489583333333
FirstFit 97480 2295 14519 70660 1891 0.875729166666667 0.955364583333333
FirstFit 96458 2295 14104 67532 1795 0.854114583333333 0.923645833333333
FirstFit 93664 2295 14147 70756 1882 0.856354166666667 0.891875
FirstFit 94446 2295 13830 66804 1788 0.83984375 0.88671875
FirstFit 89712 2295 13182 65058 1735 0.80609375 0.822083333333333
FirstFit 96554 2291 13725 63606 1814 0.834166666666667 0.863958333333333
FirstFit 95056 2295 13664 64534 1855 0.831197916666667 0.849322916666667
FirstFit 94260 2294 12884 57520 1746 0.790520833333333 0.812395833333333
FirstFit 96220 2295 14666 73390 1901 0.883385416666667 0.928541666666667
FirstFit 94460 2295 13708 65570 1838 0.833489583333333 0.857604166666667
FirstFit 90692 2295 13639 68648 1836 0.829895833333333 0.901354166666667
FirstFit 90962 2295 12724 59228 1673 0.782239583333333 0.810729166666667
FirstFit 91790 2295 13582 66980 1828 0.826927083333333 0.853958333333333
FirstFit 93376 2289 13118 60694 1698 0.802447916666667 0.835416666666667
FirstFit 91898 2256 13369 64352 1818 0.813802083333333 0.834791666666667
FirstFit 100264 2295 14861 71296 1907 0.893541666666667 0.941770833333333
FirstFit 98202 2295 13863 63378 1780 0.8415625 0.881822916666667
FirstFit 90348 2295 12408 56682 1718 0.76578125 0.771979166666667
FirstFit 93082 2295 13361 63478 1746 0.815416666666667 0.855625
FirstFit 101084 2295 15208 73946 2001 0.911614583333333 0.96640625
FirstFit 87610 2295 12947 64810 1782 0.793854166666667 0.8215625
FirstFit 81322 2295 12209 63718 1691 0.755416666666667 0.771875
FirstFit 90102 2295 13182 64668 1756 0.80609375 0.820572916666667
