FirstFit 91538 4554 14285 96852 2249 0.981197916666667 7.81526041666667
FirstFit 92126 4554 14432 97734 2201 0.988854166666667 6.74947916666667
FirstFit 92550 4554 14538 98370 2238 0.994375 7.75072916666667
FirstFit 92402 4554 14501 98148 2158 0.992447916666667 6.94447916666667
FirstFit 91910 4554 14378 97410 2203 0.986041666666667 8.01005208333333
FirstFit 92518 4554 14530 98322 2154 0.993958333333333 7.7196875
FirstFit 92582 4554 14546 98418 2201 0.994791666666667 7.93322916666667
FirstFit 92358 4554 14490 98082 2194 0.991875 9.04041666666667
FirstFit 92574 4554 14544 98406 2200 0.9946875 7.85557291666667
FirstFit 92274 4554 14469 97956 2218 0.99078125 8.1096875
FirstFit 92270 4554 14468 97950 2201 0.990729166666667 8.70947916666667
FirstFit 92582 4554 14546 98418 2143 0.994791666666667 6.64609375
FirstFit 92330 4554 14483 98040 2199 0.991510416666667 8.87317708333333
FirstFit 92038 4554 14410 97602 2182 0.987708333333333 9.03765625
FirstFit 92558 4554 14540 98382 2183 0.994479166666667 7.610625
FirstFit 92218 4554 14455 97872 2144 0.990052083333333 7.39875
FirstFit 92242 4554 14461 97908 2213 0.990364583333333 7.97328125
FirstFit 92410 4554 14503 98160 2179 0.992552083333333 7.51932291666667
FirstFit 91954 4554 14389 97476 2235 0.986614583333333 7.56020833333333
FirstFit 92402 4554 14501 98148 2162 0.992447916666667 7.48416666666667
