FirstFit 733 29 52 77 25
FirstFit 1095 45 75 105 30
FirstFit 872 36 60 88 31
FirstFit 807 38 50 73 27
FirstFit 830 27 65 90 30
FirstFit 797 44 42 63 20
FirstFit 1120 37 88 130 35
FirstFit 1035 50 62 85 28
FirstFit 903 41 58 87 27
FirstFit 1266 40 101 144 34
FirstFit 883 38 60 97 30
FirstFit 1284 55 85 116 32
FirstFit 604 23 44 66 18
FirstFit 1149 50 76 111 32
FirstFit 952 42 62 88 24
FirstFit 702 35 41 58 27
FirstFit 696 34 42 64 25
FirstFit 739 27 55 81 27
FirstFit 984 44 63 86 32
FirstFit 925 41 60 85 27
FirstFit 634 28 40 46 18
FirstFit 1018 45 66 92 23
FirstFit 851 36 57 79 25
FirstFit 1501 56 111 169 41
FirstFit 927 41 60 83 25
FirstFit 1044 37 78 106 30
FirstFit 866 34 61 84 29
FirstFit 1111 43 78 99 33
FirstFit 1161 44 85 129 33
