FirstFit 60218 3017 4087 10822 797 0.37 0.371302083333333 2.64790800097871
FirstFit 57576 3066 3675 9834 750 0.35109375 0.35390625 2.67591836734694
FirstFit 57162 3195 3452 9308 775 0.346197916666667 0.3509375 2.69640787949015
FirstFit 54678 2720 3750 10022 751 0.336979166666667 0.337083333333333 2.67253333333333
FirstFit 54328 2775 3636 9782 735 0.33390625 0.339791666666667 2.69031903190319
FirstFit 51852 2558 3517 8898 698 0.31640625 0.317395833333333 2.52999715666761
FirstFit 58994 2773 4243 11166 797 0.365416666666667 0.3665625 2.63162856469479
FirstFit 54082 2915 3392 8988 728 0.328489583333333 0.332552083333333 2.6497641509434
FirstFit 59104 2710 4331 11306 790 0.36671875 0.3675 2.61048256753637
FirstFit 57472 2996 3762 10108 754 0.351979166666667 0.35609375 2.68686868686869
FirstFit 48070 2194 3463 8500 683 0.294635416666667 0.29640625 2.45451920300318
FirstFit 52358 2413 3755 9322 713 0.32125 0.332864583333333 2.48255659121172
FirstFit 60222 3028 4125 11308 800 0.372552083333333 0.37390625 2.74133333333333
FirstFit 59788 3035 4034 10902 781 0.368177083333333 0.370885416666667 2.70252850768468
FirstFit 53402 2795 3500 9548 732 0.327864583333333 0.335 2.728
FirstFit 65126 2798 4933 12184 838 0.40265625 0.40359375 2.46989661463612
FirstFit 59512 2897 4127 10728 776 0.365833333333333 0.36703125 2.59946692512721
FirstFit 66020 2916 4947 12610 873 0.40953125 0.414375 2.54901960784314
FirstFit 49750 2534 3304 8630 675 0.3040625 0.3075 2.61198547215496
FirstFit 63120 2936 4579 12030 847 0.39140625 0.397395833333333 2.62721118148067
FirstFit 55796 2726 3807 9534 766 0.340260416666667 0.341302083333333 2.5043341213554
FirstFit 55276 2465 4132 10694 762 0.34359375 0.35078125 2.58809293320426
FirstFit 51244 2380 3660 9156 668 0.314583333333333 0.315833333333333 2.5016393442623
FirstFit 55036 2575 4016 10874 738 0.34328125 0.34515625 2.70766932270916
FirstFit 51018 2534 3471 9032 708 0.312760416666667 0.315885416666667 2.60213195044656
FirstFit 55332 2702 3823 9918 734 0.33984375 0.3453125 2.59429767198535
FirstFit 62018 2795 4558 11512 854 0.38296875 0.39359375 2.52566915313734
FirstFit 51220 2262 3758 8980 665 0.313541666666667 0.318229166666667 2.38956891963811
FirstFit 61444 3309 3872 10366 776 0.374010416666667 0.375208333333333 2.6771694214876
FirstFit 54218 2840 3512 9302 742 0.330833333333333 0.332447916666667 2.64863325740319
