FirstFit 92582 4554 14546 98418 2176 0.994791666666667 158.802447916667
FirstFit 92582 4554 14546 98418 2185 0.994791666666667 157.516510416667
FirstFit 92582 4554 14546 98418 2191 0.994791666666667 141.76359375
FirstFit 92582 4554 14546 98418 2190 0.994791666666667 149.234947916667
FirstFit 92582 4554 14546 98418 2175 0.994791666666667 162.058645833333
FirstFit 92582 4554 14546 98418 2177 0.994791666666667 137.04390625
FirstFit 92582 4554 14546 98418 2196 0.994791666666667 145.9053125
FirstFit 92490 4554 14523 98280 2209 0.99359375 149.595520833333
FirstFit 92582 4554 14546 98418 2177 0.994791666666667 156.867083333333
FirstFit 92582 4554 14546 98418 2208 0.994791666666667 161.13328125
FirstFit 92582 4554 14546 98418 2231 0.994791666666667 150.162552083333
FirstFit 92582 4554 14546 98418 2190 0.994791666666667 141.393697916667
FirstFit 92582 4554 14546 98418 2210 0.994791666666667 181.5821875
FirstFit 92582 4554 14546 98418 2196 0.994791666666667 150.296302083333
FirstFit 92582 4554 14546 98418 2197 0.994791666666667 168.773177083333
FirstFit 92582 4554 14546 98418 2213 0.994791666666667 161.918385416667
FirstFit 92582 4554 14546 98418 2205 0.994791666666667 151.05640625
FirstFit 92582 4554 14546 98418 2222 0.994791666666667 146.154739583333
FirstFit 92582 4554 14546 98418 2197 0.994791666666667 142.701927083333
FirstFit 92582 4554 14546 98418 2211 0.994791666666667 145.714114583333
