FirstFit 92446 4554 14512 98214 2208 0.993020833333333 4.11515625
FirstFit 92450 4554 14513 98220 2205 0.993072916666667 4.47802083333333
FirstFit 92394 4554 14499 98136 2164 0.99234375 4.39177083333333
FirstFit 92270 4554 14468 97950 2250 0.990729166666667 4.5615625
FirstFit 92526 4554 14532 98334 2217 0.9940625 4.716875
FirstFit 91234 4554 14209 96396 2104 0.977239583333333 4.63359375
FirstFit 91558 4554 14290 96882 2180 0.981458333333333 4.3925
FirstFit 91834 4554 14359 97296 2175 0.985052083333333 4.34151041666667
FirstFit 92254 4554 14464 97926 2200 0.990520833333333 4.44145833333333
FirstFit 92194 4554 14449 97836 2138 0.989739583333333 4.69098958333333
FirstFit 91686 4554 14322 97074 2167 0.983125 4.62234375
FirstFit 92246 4554 14462 97914 2129 0.990416666666667 4.02583333333333
FirstFit 92526 4554 14532 98334 2146 0.9940625 4.52682291666667
FirstFit 91990 4554 14398 97530 2199 0.987083333333333 4.48802083333333
FirstFit 92086 4554 14422 97674 2220 0.988333333333333 5.043125
FirstFit 92486 4554 14522 98274 2200 0.993541666666667 4.52401041666667
FirstFit 92230 4554 14458 97890 2160 0.990208333333333 4.70942708333333
FirstFit 92222 4554 14456 97878 2166 0.990104166666667 5.0171875
FirstFit 91918 4554 14380 97422 2139 0.986145833333333 3.73223958333333
FirstFit 91886 4554 14372 97374 2213 0.985729166666667 4.54640625
