FirstFit 142926 4554 13566 38274 2024 0.94375 1.32229166666667 2.82131800088456
FirstFit 144238 4554 13719 38492 1971 0.95171875 1.30697916666667 2.80574385888184
FirstFit 143084 4554 13581 38266 2004 0.94453125 1.28703125 2.8176128414697
FirstFit 142208 4554 13470 38032 2039 0.93875 1.21708333333333 2.82345953971789
FirstFit 143118 4554 13590 38322 2000 0.945 1.32651041666667 2.81986754966887
FirstFit 143838 4554 13680 38502 1996 0.9496875 1.41364583333333 2.81447368421053
FirstFit 143390 4554 13624 38390 2010 0.946770833333333 1.3946875 2.81782149148561
FirstFit 145670 4554 13909 38960 2018 0.961614583333333 1.52552083333333 2.80106405924222
FirstFit 145806 4554 13926 38994 2028 0.9625 1.41713541666667 2.80008616975442
FirstFit 146148 4554 13958 38972 2101 0.964166666666667 1.20651041666667 2.79209055738645
FirstFit 144358 4554 13745 38632 2031 0.953072916666667 1.23234375 2.81062204437977
FirstFit 143574 4554 13647 38436 2026 0.94796875 1.33973958333333 2.81644317432403
FirstFit 144862 4554 13808 38758 2035 0.956354166666667 1.34401041666667 2.8069235225956
FirstFit 144510 4554 13764 38670 1983 0.9540625 1.60479166666667 2.80950305143854
FirstFit 144382 4554 13748 38638 2030 0.953229166666667 1.44828125 2.810445155659
FirstFit 146394 4554 13991 39056 2018 0.965885416666667 1.49598958333333 2.79150882710314
FirstFit 145016 4554 13824 38764 1963 0.9571875 1.445625 2.8041087962963
FirstFit 142756 4554 13544 38224 1940 0.942604166666667 1.43463541666667 2.8222090962788
FirstFit 144878 4554 13810 38762 2042 0.956458333333333 1.41864583333333 2.80680666183925
FirstFit 145686 4554 13911 38964 2069 0.96171875 1.40442708333333 2.80094888936813
FirstFit 144078 4554 13710 38562 1980 0.95125 1.26510416666667 2.81269146608315
FirstFit 145338 4554 13858 38782 2030 0.958958333333333 1.18260416666667 2.79852792610766
FirstFit 144870 4554 13809 38760 2048 0.95640625 1.36338541666667 2.8068650879861
FirstFit 144262 4554 13733 38608 1985 0.952447916666667 1.38744791666667 2.81133037209641
FirstFit 147310 4554 14114 39370 2067 0.972291666666667 1.43078125 2.78942893580842
FirstFit 146466 4554 14008 39154 2069 0.966770833333333 1.35328125 2.7951170759566
FirstFit 144182 4554 13723 38588 2066 0.951927083333333 1.43567708333333 2.81192159148874
FirstFit 142758 4554 13545 38232 2024 0.94265625 1.26208333333333 2.82259136212625
FirstFit 143982 4554 13698 38538 2008 0.950625 1.31927083333333 2.81340341655716
FirstFit 143398 4554 13625 38392 1964 0.946822916666667 1.28489583333333 2.81776146788991
