FirstFit 87550 3640 7020 19050 1252 0.555208333333333 0.563229166666667 2.71367521367521
FirstFit 83286 3686 6393 17504 1121 0.524947916666667 0.53046875 2.73799468168309
FirstFit 81134 3498 6192 15766 1128 0.5046875 0.5071875 2.54618863049096
FirstFit 96850 3688 8023 20260 1327 0.609947916666667 0.616614583333333 2.52523993518634
FirstFit 89880 3636 7325 19730 1218 0.570885416666667 0.574322916666667 2.69351535836177
FirstFit 77530 3128 6282 16570 1090 0.490104166666667 0.49140625 2.63769500159185
FirstFit 83588 3701 6461 18032 1233 0.529270833333333 0.530833333333333 2.79089924160347
FirstFit 78118 3355 6171 17142 1157 0.496145833333333 0.501302083333333 2.77783179387457
FirstFit 82782 3535 6447 17038 1213 0.519895833333333 0.528489583333333 2.64277958740499
FirstFit 99508 4094 8189 23322 1383 0.639739583333333 0.646197916666667 2.8479667847112
FirstFit 81952 3017 6968 17898 1153 0.520052083333333 0.526510416666667 2.56859931113662
FirstFit 78440 3258 6253 16670 1095 0.495364583333333 0.499010416666667 2.66592035822805
FirstFit 85394 3794 6478 17326 1138 0.535 0.537552083333333 2.67459092312442
FirstFit 91972 3859 7238 18998 1248 0.57796875 0.581822916666667 2.6247582205029
FirstFit 84970 3866 6249 16180 1178 0.526822916666667 0.531354166666667 2.58921427428389
FirstFit 79254 3355 6187 16166 1086 0.496979166666667 0.500364583333333 2.61289801196056
FirstFit 86390 3590 6865 18160 1209 0.54453125 0.551041666666667 2.64530225782957
FirstFit 82730 3666 6254 16470 1116 0.516666666666667 0.517864583333333 2.63351455068756
FirstFit 83854 3599 6742 19556 1215 0.53859375 0.540572916666667 2.90062296054583
FirstFit 91260 3656 7487 20170 1270 0.580364583333333 0.590364583333333 2.69400293842661
FirstFit 89678 3454 7546 20322 1246 0.572916666666667 0.5771875 2.69308242777631
FirstFit 82842 3555 6442 17128 1145 0.520677083333333 0.524427083333333 2.65880161440546
FirstFit 89406 3876 7008 19434 1275 0.566875 0.57625 2.77311643835616
FirstFit 93866 3631 7888 21324 1351 0.599947916666667 0.606145833333333 2.70334685598377
FirstFit 82348 3458 6411 16342 1172 0.514010416666667 0.51515625 2.5490563094681
FirstFit 86924 3728 6794 18296 1236 0.548020833333333 0.548125 2.69296438033559
FirstFit 92734 3709 7642 20776 1277 0.591197916666667 0.598385416666667 2.71866003663962
FirstFit 83994 3557 6602 17596 1179 0.529114583333333 0.52921875 2.66525295365041
FirstFit 97418 3991 7978 22272 1374 0.623385416666667 0.624427083333333 2.79167711205816
FirstFit 87014 3864 6743 19056 1229 0.552447916666667 0.570364583333333 2.82604182114786
