FirstFit 1240 52 84 120 45
FirstFit 1561 52 122 179 42
FirstFit 1615 56 123 175 49
FirstFit 1529 57 112 161 51
FirstFit 1657 62 121 173 51
FirstFit 1573 55 120 177 39
FirstFit 1591 63 112 159 51
FirstFit 1602 59 118 168 54
FirstFit 1598 48 131 192 43
FirstFit 1647 54 130 193 43
FirstFit 1635 51 132 195 47
FirstFit 1521 59 109 159 41
FirstFit 1620 61 118 170 48
FirstFit 1614 62 116 166 47
FirstFit 1617 53 127 183 48
FirstFit 1556 55 118 174 47
FirstFit 1656 50 135 194 44
FirstFit 1492 54 112 168 45
FirstFit 1614 57 122 176 50
FirstFit 1524 54 115 166 53
FirstFit 1416 60 96 144 34
FirstFit 1611 58 120 169 47
FirstFit 1638 49 134 192 45
FirstFit 1588 61 114 162 46
FirstFit 1443 48 112 157 43
FirstFit 1502 55 111 158 40
FirstFit 1610 46 135 200 50
FirstFit 1211 56 76 109 32
FirstFit 1380 49 104 150 41
FirstFit 1542 53 119 178 49
FirstFit 1663 52 133 187 47
FirstFit 1679 55 131 181 52
FirstFit 1624 57 123 176 44
FirstFit 1699 66 121 171 44
FirstFit 1623 52 129 187 49
FirstFit 1618 56 124 182 44
FirstFit 1494 50 116 166 47
FirstFit 1559 48 126 181 42
FirstFit 1440 58 100 140 45
FirstFit 1536 50 121 174 48
FirstFit 1399 57 97 141 58
FirstFit 1632 63 117 168 44
FirstFit 1577 56 119 173 45
FirstFit 1404 46 111 166 47
FirstFit 1626 57 123 174 51
FirstFit 1408 42 116 172 39
FirstFit 1494 58 106 146 41
FirstFit 1395 53 102 155 43
FirstFit 1550 60 111 160 47
FirstFit 1588 52 125 182 41
FirstFit 1406 48 109 164 46
FirstFit 1612 51 129 188 55
FirstFit 1664 54 131 186 44
FirstFit 1513 57 111 167 45
FirstFit 1616 51 130 194 43
FirstFit 1464 47 116 166 45
FirstFit 1487 52 114 173 53
FirstFit 1517 49 119 163 47
FirstFit 1559 46 129 191 49
