FirstFit 92282 4554 14471 97968 2218 0.990885416666667 12.6645833333333
FirstFit 92202 4554 14451 97848 2127 0.98984375 12.6822395833333
FirstFit 92194 4554 14449 97836 2186 0.989739583333333 14.5538541666667
FirstFit 92498 4554 14525 98292 2196 0.993697916666667 13.7670833333333
FirstFit 92558 4554 14540 98382 2189 0.994479166666667 12.4953125
FirstFit 91878 4554 14370 97362 2212 0.985625 12.6444270833333
FirstFit 92582 4554 14546 98418 2219 0.994791666666667 12.6048958333333
FirstFit 92582 4554 14546 98418 2172 0.994791666666667 12.4304166666667
FirstFit 92582 4554 14546 98418 2195 0.994791666666667 12.5895833333333
FirstFit 92582 4554 14546 98418 2201 0.994791666666667 12.46484375
FirstFit 92582 4554 14546 98418 2181 0.994791666666667 12.10515625
FirstFit 92582 4554 14546 98418 2230 0.994791666666667 13.03046875
FirstFit 92486 4554 14522 98274 2180 0.993541666666667 12.7559375
FirstFit 92382 4554 14496 98118 2160 0.9921875 12.6245833333333
FirstFit 92442 4554 14511 98208 2228 0.99296875 12.481875
FirstFit 92582 4554 14546 98418 2214 0.994791666666667 9.80807291666667
FirstFit 92582 4554 14546 98418 2221 0.994791666666667 13.0580208333333
FirstFit 92278 4554 14470 97962 2177 0.990833333333333 12.75625
FirstFit 92302 4554 14476 97998 2215 0.991145833333333 12.8544270833333
FirstFit 92582 4554 14546 98418 2229 0.994791666666667 12.4803645833333
