FirstFit 1350 40 111 160 45
FirstFit 1420 53 105 160 47
FirstFit 1478 51 113 162 56
FirstFit 1432 49 110 158 49
FirstFit 1445 53 106 145 40
FirstFit 1602 49 130 188 49
FirstFit 1607 56 122 173 44
FirstFit 1467 59 103 153 42
FirstFit 1284 49 93 136 40
FirstFit 1296 40 106 164 41
FirstFit 1539 55 116 171 48
FirstFit 1621 50 131 189 50
FirstFit 1559 57 115 161 51
FirstFit 1496 60 105 154 49
FirstFit 1556 45 130 194 43
FirstFit 1598 66 109 152 42
FirstFit 1615 58 121 175 50
FirstFit 1648 57 126 182 52
FirstFit 1612 56 123 178 48
FirstFit 1223 44 91 127 40
FirstFit 1312 53 93 148 42
FirstFit 1542 48 124 178 48
FirstFit 1641 51 132 189 45
FirstFit 1539 48 124 181 40
FirstFit 1266 57 82 124 38
FirstFit 1632 56 125 178 45
FirstFit 1542 58 112 158 43
FirstFit 1673 56 130 187 46
FirstFit 1537 58 112 163 48
