FirstFit 92582 4554 14546 98418 2233 0.994791666666667 37.1792708333333
FirstFit 92582 4554 14546 98418 2163 0.994791666666667 34.7275
FirstFit 92582 4554 14546 98418 2207 0.994791666666667 39.5283854166667
FirstFit 92582 4554 14546 98418 2214 0.994791666666667 35.10203125
FirstFit 92582 4554 14546 98418 2230 0.994791666666667 34.9874479166667
FirstFit 92582 4554 14546 98418 2143 0.994791666666667 33.4102604166667
FirstFit 92582 4554 14546 98418 2183 0.994791666666667 30.6811458333333
FirstFit 92582 4554 14546 98418 2203 0.994791666666667 39.6715625
FirstFit 92582 4554 14546 98418 2192 0.994791666666667 40.4313541666667
FirstFit 92582 4554 14546 98418 2185 0.994791666666667 30.79265625
FirstFit 92582 4554 14546 98418 2209 0.994791666666667 39.3352604166667
FirstFit 92582 4554 14546 98418 2190 0.994791666666667 34.4469791666667
FirstFit 92582 4554 14546 98418 2183 0.994791666666667 38.08359375
FirstFit 92582 4554 14546 98418 2228 0.994791666666667 32.29609375
FirstFit 92238 4554 14460 97902 2228 0.9903125 32.08234375
FirstFit 92582 4554 14546 98418 2217 0.994791666666667 37.238125
FirstFit 92582 4554 14546 98418 2229 0.994791666666667 30.7592708333333
FirstFit 92302 4554 14476 97998 2189 0.991145833333333 37.0405729166667
FirstFit 92202 4554 14451 97848 2198 0.98984375 35.9734895833333
FirstFit 92582 4554 14546 98418 2245 0.994791666666667 34.3044791666667
