FirstFit 84812 4553 12170 82418 1821 0.870989583333333 0.904010416666667
FirstFit 81690 4221 12026 80780 1829 0.846197916666667 0.86859375
FirstFit 84266 4554 12214 83414 1917 0.873333333333333 0.918802083333333
FirstFit 83954 4316 12470 83906 1864 0.874270833333333 0.952916666666667
FirstFit 82644 4417 11873 80256 1806 0.8484375 0.88203125
FirstFit 88542 4468 13581 91948 1993 0.940052083333333 1.10817708333333
FirstFit 83906 4429 12511 85494 1944 0.882291666666667 1.06083333333333
FirstFit 82522 4548 11815 81108 1856 0.852239583333333 0.913489583333333
FirstFit 89272 4554 13710 93368 2025 0.95125 1.13880208333333
FirstFit 85014 4539 12430 84676 1905 0.883802083333333 0.9696875
FirstFit 86082 4526 12718 86358 1873 0.898125 0.993229166666667
FirstFit 88238 4550 13295 90212 2017 0.929427083333333 0.972864583333333
FirstFit 85694 4449 12944 88236 2039 0.905885416666667 0.97015625
FirstFit 82730 4469 11991 81870 1858 0.857291666666667 0.899270833333333
FirstFit 83166 4416 12362 84614 1831 0.873854166666667 0.958958333333333
FirstFit 83300 4426 12174 82700 1833 0.864583333333333 0.904583333333333
FirstFit 86384 4554 12873 87886 1867 0.90765625 1.01869791666667
FirstFit 86036 4526 12963 88854 1968 0.910885416666667 1.00682291666667
FirstFit 87494 4554 13209 90136 1958 0.92515625 1.08041666666667
FirstFit 84966 4554 12463 85204 1973 0.886302083333333 0.942447916666667
