FirstFit 3636 168 248 524 39 0.0216666666666667 0.0216666666666667 2.11290322580645
FirstFit 2054 134 91 196 27 0.01171875 0.01171875 2.15384615384615
FirstFit 3442 261 108 248 44 0.01921875 0.01921875 2.2962962962963
FirstFit 3558 261 128 332 51 0.0202604166666667 0.0202604166666667 2.59375
FirstFit 4858 308 230 522 63 0.0280208333333333 0.0280208333333333 2.2695652173913
FirstFit 4058 259 194 472 56 0.02359375 0.0240104166666667 2.43298969072165
FirstFit 3730 221 197 450 41 0.0217708333333333 0.0217708333333333 2.28426395939086
FirstFit 3612 189 224 518 48 0.0215104166666667 0.0215104166666667 2.3125
FirstFit 3238 225 127 282 45 0.0183333333333333 0.0184375 2.22047244094488
FirstFit 2842 182 131 288 40 0.0163020833333333 0.01671875 2.19847328244275
FirstFit 3452 207 182 438 48 0.0202604166666667 0.0202604166666667 2.40659340659341
FirstFit 3154 168 193 456 43 0.0188020833333333 0.0188020833333333 2.36269430051813
FirstFit 4638 312 193 412 52 0.0263020833333333 0.0263020833333333 2.13471502590674
FirstFit 3224 163 206 466 41 0.01921875 0.01921875 2.2621359223301
FirstFit 2688 149 156 362 34 0.0158854166666667 0.0158854166666667 2.32051282051282
FirstFit 2600 171 114 250 31 0.01484375 0.01484375 2.19298245614035
FirstFit 4118 235 233 562 53 0.024375 0.024375 2.41201716738197
FirstFit 3756 300 104 284 44 0.0210416666666667 0.0210416666666667 2.73076923076923
FirstFit 3048 186 161 422 40 0.0180729166666667 0.0180729166666667 2.62111801242236
FirstFit 2550 130 164 390 37 0.0153125 0.0158333333333333 2.3780487804878
FirstFit 4104 252 202 436 49 0.0236458333333333 0.0236458333333333 2.15841584158416
FirstFit 2864 191 127 316 42 0.0165625 0.0165625 2.48818897637795
FirstFit 3942 263 176 448 53 0.0228645833333333 0.0228645833333333 2.54545454545455
FirstFit 2698 147 161 382 43 0.0160416666666667 0.01703125 2.37267080745342
FirstFit 3942 218 234 578 48 0.0235416666666667 0.0235416666666667 2.47008547008547
FirstFit 2258 116 144 342 34 0.0135416666666667 0.01390625 2.375
FirstFit 3652 227 180 418 51 0.0211979166666667 0.0211979166666667 2.32222222222222
FirstFit 4290 296 180 470 49 0.0247916666666667 0.025 2.61111111111111
FirstFit 2710 152 151 320 39 0.01578125 0.01578125 2.11920529801325
FirstFit 3708 263 147 392 49 0.0213541666666667 0.02203125 2.66666666666667
