FirstFit 4580 354 300 1960 76 0.0340625 0.0340625
FirstFit 3702 289 208 1268 56 0.0258854166666667 0.0259895833333333
FirstFit 4538 336 313 1952 73 0.0338020833333333 0.0338020833333333
FirstFit 5012 385 315 1988 80 0.0364583333333333 0.0373958333333333
FirstFit 4332 331 280 1778 71 0.0318229166666667 0.0318229166666667
FirstFit 3490 268 215 1340 51 0.02515625 0.02515625
FirstFit 4586 345 305 1914 77 0.0338541666666667 0.0341145833333333
FirstFit 4446 367 229 1514 68 0.0310416666666667 0.0310416666666667
FirstFit 5228 405 320 2022 82 0.0377604166666667 0.0377604166666667
FirstFit 2536 198 149 934 53 0.0180729166666667 0.0180729166666667
FirstFit 4472 384 180 1168 75 0.029375 0.029375
FirstFit 3656 295 193 1224 68 0.0254166666666667 0.02609375
FirstFit 4120 316 269 1730 68 0.03046875 0.03046875
FirstFit 3876 296 243 1514 55 0.0280729166666667 0.0285416666666667
FirstFit 4632 355 294 1858 75 0.0338020833333333 0.03390625
FirstFit 3250 250 196 1210 58 0.0232291666666667 0.02375
FirstFit 3070 250 164 1070 53 0.0215625 0.0215625
FirstFit 3882 309 215 1358 59 0.0272916666666667 0.0276041666666667
FirstFit 4526 311 376 2344 66 0.03578125 0.0358854166666667
FirstFit 5106 404 285 1784 80 0.0358854166666667 0.0359375
FirstFit 3626 252 305 1944 71 0.0290104166666667 0.0290104166666667
FirstFit 3946 285 302 1924 69 0.0305729166666667 0.0305729166666667
FirstFit 4818 374 287 1792 71 0.0344270833333333 0.0344270833333333
FirstFit 4486 392 167 1104 65 0.0291145833333333 0.0291145833333333
FirstFit 5294 467 173 1106 74 0.0333333333333333 0.0334375
FirstFit 4612 399 185 1228 71 0.0304166666666667 0.0308333333333333
FirstFit 3300 265 178 1130 64 0.0230729166666667 0.02328125
FirstFit 3870 270 318 2010 65 0.030625 0.030625
FirstFit 3302 225 284 1788 58 0.0265104166666667 0.0265104166666667
FirstFit 3268 240 226 1392 63 0.0242708333333333 0.0254166666666667
