FirstFit 1201 49 82 109 45
FirstFit 1612 54 125 178 47
FirstFit 1659 61 122 171 51
FirstFit 1282 47 95 138 34
FirstFit 1410 56 100 150 38
FirstFit 1456 53 109 164 41
FirstFit 1413 52 103 137 40
FirstFit 1580 50 126 180 49
FirstFit 1500 47 121 180 47
FirstFit 1399 50 105 151 44
FirstFit 1464 57 105 156 43
FirstFit 1470 52 111 160 49
FirstFit 1461 54 107 149 48
FirstFit 1516 58 110 164 38
FirstFit 1352 52 97 138 40
FirstFit 937 33 72 113 33
FirstFit 1351 53 95 129 37
FirstFit 1583 55 120 167 49
FirstFit 1447 59 100 143 42
FirstFit 1533 63 105 147 36
FirstFit 1195 47 84 115 35
FirstFit 1411 46 111 159 42
FirstFit 1419 53 104 151 45
FirstFit 1581 50 127 189 46
FirstFit 1366 47 104 144 48
FirstFit 1558 52 121 172 53
FirstFit 1350 57 92 140 43
FirstFit 1347 38 112 153 43
FirstFit 1606 55 123 174 45
FirstFit 1452 58 103 158 45
FirstFit 1559 49 125 181 49
FirstFit 1618 59 120 172 39
FirstFit 1359 44 107 151 48
FirstFit 1362 52 98 138 42
FirstFit 1338 54 93 132 35
FirstFit 1642 53 130 188 47
FirstFit 1511 56 110 149 40
FirstFit 1183 31 102 147 39
FirstFit 1437 48 112 163 44
FirstFit 1495 56 110 165 40
FirstFit 1054 39 78 116 36
FirstFit 1301 48 96 139 35
FirstFit 1544 60 110 156 40
FirstFit 1438 57 101 142 44
FirstFit 1627 53 128 183 55
FirstFit 1188 44 87 122 37
FirstFit 1496 44 124 184 39
FirstFit 1534 50 121 176 39
FirstFit 1377 41 113 163 46
FirstFit 1296 51 91 124 38
FirstFit 1625 64 115 165 48
FirstFit 1618 51 130 192 46
FirstFit 1478 47 118 172 42
FirstFit 1387 51 102 143 44
FirstFit 1299 54 88 121 38
FirstFit 1296 41 103 144 39
FirstFit 1541 61 109 159 51
FirstFit 1622 61 118 168 44
FirstFit 1593 59 117 167 45
