FirstFit 38688 2769 3157 20572 677 0.308645833333333 0.312552083333333
FirstFit 35678 2553 2902 18872 613 0.284114583333333 0.288645833333333
FirstFit 43948 2916 4450 29712 788 0.383645833333333 0.386041666666667
FirstFit 37062 2639 2992 19248 664 0.29328125 0.295208333333333
FirstFit 35256 2480 2983 19374 619 0.28453125 0.28453125
FirstFit 30054 2035 2772 18016 595 0.250364583333333 0.252760416666667
FirstFit 34042 2265 3198 20588 637 0.28453125 0.28953125
FirstFit 33138 2268 3021 19752 646 0.27546875 0.2759375
FirstFit 37500 2578 3350 21780 708 0.30875 0.310625
FirstFit 39010 2550 3814 24630 708 0.331458333333333 0.3328125
FirstFit 31000 2071 2949 19200 566 0.261458333333333 0.263489583333333
FirstFit 37866 2460 3776 24494 704 0.324791666666667 0.333958333333333
FirstFit 36238 2477 3348 22012 671 0.303385416666667 0.304322916666667
FirstFit 32528 2312 2773 18322 582 0.26484375 0.2665625
FirstFit 38350 2685 3401 22510 717 0.316979166666667 0.317395833333333
FirstFit 36442 2355 3751 24618 689 0.318020833333333 0.318177083333333
FirstFit 38352 2651 3274 20898 694 0.30859375 0.309166666666667
FirstFit 34740 2336 3296 21580 652 0.293333333333333 0.296354166666667
FirstFit 35220 2196 3887 25610 688 0.316822916666667 0.318125
FirstFit 33052 2388 2804 18868 609 0.270416666666667 0.271354166666667
FirstFit 40840 2746 3923 25850 745 0.34734375 0.349270833333333
FirstFit 37626 2285 4169 26914 716 0.336145833333333 0.337239583333333
FirstFit 33492 2259 3151 20608 639 0.281770833333333 0.287395833333333
FirstFit 35288 2380 3327 21782 638 0.297239583333333 0.297395833333333
FirstFit 32688 2258 2884 18732 602 0.2678125 0.268229166666667
FirstFit 34972 2423 3029 19548 609 0.283958333333333 0.284895833333333
FirstFit 35888 2574 2927 19122 619 0.286510416666667 0.2978125
FirstFit 35884 2506 3279 21966 647 0.301302083333333 0.3021875
FirstFit 33778 2272 3202 20962 630 0.285104166666667 0.2853125
FirstFit 32212 2326 2514 16188 566 0.252083333333333 0.258333333333333
