FirstFit 15062 761 2295 15498 350 0.994791666666667
FirstFit 15062 761 2295 15498 353 0.994791666666667
FirstFit 15062 761 2295 15498 356 0.994791666666667
FirstFit 15062 761 2295 15498 342 0.994791666666667
FirstFit 15062 761 2295 15498 344 0.994791666666667
FirstFit 15062 761 2295 15498 338 0.994791666666667
FirstFit 15062 761 2295 15498 348 0.994791666666667
FirstFit 15062 761 2295 15498 347 0.994791666666667
FirstFit 15062 761 2295 15498 344 0.994791666666667
FirstFit 15062 761 2295 15498 364 0.994791666666667
