FirstFit 26732 1871 2256 14538 447 0.214947916666667 0.21671875 6.44414893617021
FirstFit 24628 1573 2390 15002 464 0.20640625 0.207447916666667 6.27698744769874
FirstFit 27710 1922 2470 16210 489 0.22875 0.229322916666667 6.56275303643725
FirstFit 24362 1647 2223 14338 444 0.2015625 0.20171875 6.44984255510571
FirstFit 26550 1967 2027 13390 450 0.208020833333333 0.20921875 6.60582141095215
FirstFit 28046 1897 2551 16434 483 0.231666666666667 0.23203125 6.4421795374363
FirstFit 18020 1298 1499 9950 329 0.145677083333333 0.147135416666667 6.63775850567045
FirstFit 21694 1527 1794 11516 384 0.17296875 0.1734375 6.41917502787068
FirstFit 29302 2077 2420 15668 494 0.23421875 0.234427083333333 6.47438016528926
FirstFit 23240 1685 1841 12020 389 0.183645833333333 0.184947916666667 6.52906029331885
FirstFit 26674 1993 1974 12996 463 0.206614583333333 0.206927083333333 6.58358662613982
FirstFit 27314 2048 2005 13216 464 0.21109375 0.21125 6.59152119700748
FirstFit 25990 1946 1856 12030 458 0.198020833333333 0.204375 6.48168103448276
FirstFit 26726 2037 1803 11674 450 0.2 0.2 6.47476428175263
FirstFit 27732 1923 2331 14808 493 0.2215625 0.22171875 6.35263835263835
FirstFit 28012 1954 2470 16228 492 0.230416666666667 0.230416666666667 6.57004048582996
FirstFit 20032 1484 1514 9948 356 0.156145833333333 0.157760416666667 6.57067371202114
FirstFit 28582 2022 2422 15858 510 0.231458333333333 0.231458333333333 6.54748142031379
FirstFit 23640 1803 1583 10220 394 0.176354166666667 0.177604166666667 6.45609602021478
FirstFit 26926 2013 1950 12704 456 0.20640625 0.210885416666667 6.51487179487179
FirstFit 27562 2125 1821 11898 467 0.205520833333333 0.205677083333333 6.5337726523888
FirstFit 24562 1720 2118 13818 458 0.199895833333333 0.20203125 6.52407932011331
FirstFit 31408 2274 2548 16812 512 0.251145833333333 0.25125 6.59811616954474
FirstFit 25774 1850 2101 13736 459 0.20578125 0.206979166666667 6.53783912422656
FirstFit 27798 1998 2193 14112 486 0.21828125 0.221666666666667 6.43502051983584
FirstFit 25398 1780 2166 14062 438 0.205520833333333 0.207864583333333 6.4921514312096
FirstFit 23980 1599 2233 14340 446 0.199583333333333 0.199583333333333 6.4218540080609
FirstFit 27362 2046 1940 12498 454 0.207604166666667 0.208385416666667 6.44226804123711
FirstFit 25526 1722 2380 15494 440 0.213645833333333 0.216510416666667 6.51008403361345
FirstFit 26240 1901 2015 12920 429 0.203958333333333 0.210520833333333 6.41191066997519
