FirstFit 47730 3185 4791 32030 950 0.415416666666667 0.418125 6.68545188895846
FirstFit 49844 3210 5357 35826 993 0.446197916666667 0.449947916666667 6.68769833862236
FirstFit 57188 3933 5730 39442 1081 0.50328125 0.509114583333333 6.88342059336824
FirstFit 43094 2597 5207 34946 920 0.406458333333333 0.411197916666667 6.71135010562704
FirstFit 48788 3047 5284 34522 958 0.43390625 0.436927083333333 6.5333080999243
FirstFit 52698 3712 4695 31372 964 0.437864583333333 0.4425 6.68200212992545
FirstFit 43724 2892 4254 27736 835 0.3721875 0.373333333333333 6.51998119417019
FirstFit 49820 3289 5037 33440 996 0.433645833333333 0.435677083333333 6.63887234464959
FirstFit 50008 3177 5541 37172 934 0.4540625 0.458333333333333 6.70853636527703
FirstFit 43172 2862 4445 29898 878 0.380572916666667 0.381875 6.72620922384702
FirstFit 49510 3320 4845 32140 904 0.425260416666667 0.428125 6.63364293085655
FirstFit 52468 3273 5690 37162 1047 0.466822916666667 0.467864583333333 6.5311072056239
FirstFit 46364 3220 4543 31266 882 0.404322916666667 0.416510416666667 6.88223640766014
FirstFit 50548 3237 5570 37522 1018 0.458697916666667 0.465520833333333 6.73644524236984
FirstFit 50514 3314 5153 34156 954 0.440989583333333 0.440989583333333 6.62837182223947
FirstFit 46952 2985 4879 31688 956 0.409583333333333 0.412447916666667 6.49477351916376
FirstFit 50052 2988 5812 37948 1017 0.458333333333333 0.460364583333333 6.52924982794219
FirstFit 46212 3049 4392 28198 895 0.387552083333333 0.391927083333333 6.42030965391621
FirstFit 49206 3030 5358 34674 950 0.436875 0.439895833333333 6.47144456886898
FirstFit 52602 3429 5343 35118 981 0.456875 0.4603125 6.57271195957327
FirstFit 42988 2895 4148 27442 816 0.366822916666667 0.379010416666667 6.61571841851495
FirstFit 50612 3302 5132 33728 942 0.439270833333333 0.43984375 6.57209664848012
FirstFit 42384 2675 4631 30676 864 0.380520833333333 0.381770833333333 6.62405527963723
FirstFit 46606 3066 4538 29434 854 0.396041666666667 0.397239583333333 6.48611723226091
FirstFit 50234 3224 5400 36006 968 0.449166666666667 0.450416666666667 6.66777777777778
FirstFit 46512 3034 4795 31778 903 0.407760416666667 0.408125 6.62732012513034
FirstFit 49098 3026 5629 37452 934 0.45078125 0.457760416666667 6.65340202522651
FirstFit 51982 3478 5326 36058 1015 0.458541666666667 0.463229166666667 6.77018400300413
FirstFit 43460 2955 4198 28070 858 0.372552083333333 0.376458333333333 6.68651738923297
FirstFit 50222 3143 5543 36638 962 0.452395833333333 0.454322916666667 6.60977809850262
