BestFit 592 53 22 158 12 0.09765625 0.09765625 7.18181818181818
BestFit 498 42 24 162 13 0.0859375 0.0859375 6.75
BestFit 420 39 11 80 10 0.0651041666666667 0.122395833333333 7.27272727272727
BestFit 454 44 4 26 9 0.0625 0.0625 6.5
BestFit 314 28 14 106 9 0.0546875 0.0546875 7.57142857142857
BestFit 472 45 8 58 9 0.0690104166666667 0.0690104166666667 7.25
BestFit 876 79 29 204 17 0.140625 0.140625 7.03448275862069
BestFit 542 53 3 18 7 0.0729166666666667 0.0833333333333333 6
BestFit 654 61 18 136 12 0.102864583333333 0.108072916666667 7.55555555555556

BestFit 536 52 6 44 7 0.0755208333333333 0.0755208333333333 7.33333333333333
