FirstFit 2102 143 270 2028 71 0.537760416666667 0.537760416666667 7.51111111111111
FirstFit 2124 134 300 2216 63 0.565104166666667 0.567708333333333 7.38666666666667
FirstFit 1864 123 255 1916 60 0.4921875 0.569010416666667 7.51372549019608
FirstFit 2562 165 324 2328 89 0.63671875 0.670572916666667 7.18518518518519
FirstFit 2292 152 292 2148 70 0.578125 0.606770833333333 7.35616438356164
FirstFit 2424 145 358 2606 73 0.654947916666667 0.96484375 7.27932960893855
FirstFit 1792 129 188 1378 56 0.412760416666667 0.55078125 7.32978723404255
FirstFit 2808 177 371 2672 97 0.713541666666667 0.833333333333333 7.20215633423181
FirstFit 2104 146 256 1916 61 0.5234375 0.529947916666667 7.484375
FirstFit 2566 164 331 2384 99 0.64453125 0.759114583333333 7.202416918429
