0,-0.18492,4.0835,-3.2823,0.57431,2.8085,0
1,-3.884,1.3732,2.8868,2.3551,6.222,0
2,1.4888,2.0977,-2.9208,-2.0141,-5.6631,0
3,1.9758,4.9894,-0.93498,3.2953,-1.0145,0
4,-2.3266,0.074702,0.6114,1.3724,1.6765,0
5,4.6855,1.2758,1.794,9.3215,3.6328,0
6,4.6803,-2.1158,0.81985,2.2946,-0.37404,0
7,0.99988,-3.6967,6.2643,-2.2223,2.2445,0
8,2.0947,-0.71274,5.9157,2.7795,-1.8138,0
9,1.6367,2.1714,2.9291,2.7926,0.96493,0
10,0.55265,-0.40005,1.3252,-0.39769,0.15316,0
11,3.2901,-2.4581,-1.3731,1.5258,3.8095,0
12,-0.65217,4.2778,-0.33426,-0.84158,-0.74437,0
13,7.6623,-0.11954,-3.1682,0.68784,-1.9656,0
14,0.70359,1.1966,-0.073842,2.2203,-1.4777,0
15,1.4546,1.3113,-0.36299,4.4888,2.1948,0
16,4.3131,0.88767,6.3036,3.9777,-0.22886,0
17,1.2906,2.4779,3.3094,-6.5379,5.3892,0
18,0.82583,0.45674,1.2447,1.9672,2.9802,0
19,-1.3843,-3.9628,0.17145,3.4599,2.2698,0
20,1.996,-1.6939,1.2982,1.098,0.74598,0
21,-2.8958,1.5551,3.3483,3.9093,2.6179,0
22,3.2557,-2.2326,7.7603,4.1502,6.1325,0
23,5.9835,0.78185,2.0304,5.0971,-4.9703,0
24,-0.96255,-1.7615,3.6397,5.054,5.6602,0
25,3.6868,-1.9401,3.0879,4.1789,0.55943,0
26,4.8748,-1.3507,2.714,-3.6534,0.86897,0
27,-3.6684,-0.45302,4.0546,-1.5243,3.8327,0
28,-3.2101,1.3132,4.8278,3.5573,3.5218,0
29,2.8262,1.1199,1.1822,-1.7972,-3.8947,0
30,-0.086882,4.3151,0.10733,-0.81905,-3.5763,0
31,3.1828,0.77416,1.7299,3.2178,3.1517,0
32,3.5596,-2.9768,4.0398,1.4866,-1.193,0
33,3.2485,1.5421,4.6975,4.6715,-2.9468,0
34,4.9835,1.9186,-0.57836,-3.0846,-0.47624,0
35,3.1186,2.4424,3.7864,2.8283,0.43738,0
36,4.6853,3.1629,0.53332,-3.8344,-2.8197,0
37,-2.4946,4.6854,0.041883,-3.3186,-2.6646,0
38,1.0534,-0.36411,2.6742,2.151,2.3002,0
39,0.64262,2.0011,3.8461,0.98679,-4.228,0
40,-3.6995,0.70178,-0.66101,-2.4655,4.543,0
41,1.8847,-0.36849,-3.4461,-0.27714,2.5568,0
42,-2.0566,7.2928,0.89871,-0.659,0.16328,0
43,5.3582,0.97941,2.7088,-1.3935,1.0187,0
44,-1.3025,-3.195,1.3002,1.8636,-1.4217,0
45,2.699,6.7294,5.7823,-2.8209,-1.8444,0
46,1.7707,2.3195,0.057424,1.919,2.2611,0
47,-1.6529,-2.3679,3.4352,-4.678,3.5055,0
48,-5.3992,2.4017,-1.3047,2.4101,4.8587,0
49,0.93521,5.0418,-2.7396,1.6976,0.47016,0
50,-1.9191,-1.7326,3.0497,3.5773,3.4361,0
51,2.9562,1.8836,-3.1282,-1.4326,6.3033,0
52,2.636,1.0305,-2.8519,2.689,7.6621,0
53,6.1901,-1.6287,-0.76532,-2.3048,-0.46092,0
54,2.8866,5.002,-3.4159,3.281,7.581,0
55,-0.81801,1.0152,2.7254,-5.0491,0.24967,0
56,2.2538,3.0012,0.21768,1.851,-0.92397,0
57,-1.9146,-1.1966,-2.8313,-1.523,2.1915,0
58,1.0542,-0.68525,-1.6156,-1.5073,0.49394,0
59,0.96811,2.1969,-1.9098,1.2184,4.3381,0
60,1.1129,1.5942,0.83489,0.066428,2.9999,0
61,0.1592,6.6801,-6.194,3.184,-3.9439,0
62,4.3978,0.82055,-1.0333,0.54341,-8.0794,0
63,-4.5092,7.2477,-3.1244,3.6524,2.6118,0
64,2.3973,5.916,2.0387,-0.21276,-1.8551,0
65,3.7997,-4.2248,2.8454,1.4997,4.0836,0
66,3.3056,-3.491,1.4913,2.332,6.0316,0
67,2.8463,-0.24157,0.74543,4.389,-1.4356,0
68,1.2337,0.7352,-6.8552,2.0661,3.4664,0
69,3.144,1.5281,1.1339,0.24624,1.5636,0
70,2.8195,3.9607,-1.5792,-3.2874,-1.2723,0
71,0.34584,-0.96285,0.25331,-1.0388,5.5464,0
72,-0.019632,-1.0011,0.067013,1.9743,-0.37307,0
73,0.22511,0.57732,-2.425,-2.2661,4.1286,0
74,-3.3126,0.72303,2.7899,2.1568,6.1486,0
75,0.41076,2.0292,1.769,4.4752,-4.617,0
76,1.4681,4.4705,-0.002908,1.7079,9.8757,0
77,2.0572,3.2342,3.726,1.8838,5.5393,0
78,5.4433,-3.4624,5.7846,2.8318,4.9321,0
79,0.059851,3.2379,-2.2748,4.3505,-1.1128,0
80,2.9825,3.9029,0.97195,5.4043,0.82874,0
81,3.5099,3.4393,-2.2821,-2.332,-3.5755,0
82,3.9354,5.4953,3.3022,1.9573,-2.2791,0
83,-1.8635,1.9203,2.5502,3.017,-1.1427,0
84,1.7489,-0.66004,-0.50204,0.13499,2.6662,0
85,1.8264,0.90984,-0.62788,8.3478,7.1935,0
86,-1.9105,-6.3617,-1.2104,3.3954,5.1727,0
87,-1.1134,2.4395,3.8272,-1.1339,-0.23253,0
88,4.3597,1.9852,0.30419,3.4323,-5.1306,0
89,0.71828,-0.53041,0.60024,3.1323,2.0317,0
90,2.2824,-0.54624,-2.7255,2.9408,-1.2046,0
91,1.3767,-1.9168,1.9876,-3.9081,-4.5152,0
92,-0.79362,0.92163,9.1206,6.5738,3.8539,0
93,-0.56594,2.2202,1.9188,-3.6085,2.5106,0
94,2.4437,0.4387,-3.2187,3.9283,3.5675,0
95,-1.7369,-0.53128,1.7901,-2.1317,0.13141,0
96,3.4563,1.4289,-3.2576,1.7652,-0.43222,0
97,2.8197,0.94438,1.4955,4.0219,0.89665,0
98,-1.3524,-1.8522,-4.0295,2.9699,0.33235,0
99,0.31595,5.0409,3.2073,1.4448,2.0661,0
100,-2.4506,2.1944,4.4751,-1.2857,6.2708,0
101,-5.4942,4.3607,5.7056,1.2782,2.0084,0
102,4.0718,0.12059,5.2006,-0.83839,3.3218,0
103,-0.44313,-2.2325,-1.2245,-4.1222,6.5912,0
104,2.0949,3.7928,2.3777,-1.4453,0.04237,0
105,1.8149,1.4766,3.783,3.1524,3.8148,0
106,1.1772,-0.97166,-2.1725,2.3887,1.8491,0
107,-1.8991,0.67538,1.655,-0.075979,-1.4055,0
108,-1.7287,-5.0292,3.3383,1.5331,-6.0741,0
109,-0.010513,4.3826,-2.8148,2.029,-6.1802,0
110,-2.4449,-2.0449,-1.8091,1.3703,-0.11567,0
111,-2.0549,-1.1289,3.3843,2.1219,-0.30629,0
112,5.5302,5.7601,1.0308,7.296,0.57722,0
113,1.28,-1.4165,2.6232,-5.52,-3.5336,0
114,-2.5392,-0.36092,5.1426,2.5601,2.3995,0
115,0.98909,-0.24707,2.4959,2.1195,2.0339,0
116,-2.2723,5.7288,-1.3115,2.8067,-1.0301,0
117,-2.9351,1.0672,3.3057,-0.38655,3.4952,0
118,0.32947,-2.0344,0.54908,3.6857,-3.4954,0
119,3.9732,-1.7591,-1.3989,1.3349,-2.186,0
120,1.4987,6.4934,7.3319,4.3233,1.3744,0
121,3.0822,7.271,1.2902,3.9947,-2.3679,0
122,-2.3907,5.7613,-1.7621,4.7233,4.91,0
123,-0.26904,-2.6223,2.957,1.1146,5.7964,0
124,0.32546,0.55163,6.0958,5.5819,2.8231,0
125,-2.5267,0.27827,2.8306,1.9723,-2.7303,0
126,-2.8455,1.7527,3.4202,-2.9044,2.9613,0
127,3.9064,-0.12018,1.3655,0.68333,-6.4238,0
128,1.1465,-1.6353,0.57401,-0.46381,-0.62045,0
129,-0.82266,-0.27142,3.6625,-3.7704,10.445,?
130,3.53,4.7705,0.46547,-0.21501,2.2833,0
131,1.8077,8.4268,1.2762,-0.71375,-2.3995,0
132,-1.8565,1.6294,-0.53016,3.068,3.8398,0
133,5.1315,0.92737,-1.0067,1.8779,0.20189,0
134,1.9813,3.4642,0.24458,3.6372,4.4149,0
135,5.5495,0.31502,-2.5153,1.5459,-0.22391,0
136,4.5269,7.2079,1.7955,0.74351,5.1903,0
137,-0.93964,4.3477,1.3571,0.86145,4.1701,0
138,-2.763,-2.8148,0.92673,1.943,1.8769,0
139,0.894,-0.74576,-5.693,3.8182,-0.1198,0
140,0.12098,5.1634,-0.48258,3.3265,1.9988,0
141,-1.4181,2.1516,1.7975,-2.8641,0.28269,0
142,2.6061,2.6136,2.1573,1.5781,1.0944,0
143,5.5782,-3.3184,1.5873,0.4919,3.2395,0
144,-0.52665,1.7729,0.9379,2.7867,-1.035,0
145,-1.4275,3.0377,-3.7602,-0.33471,-1.831,0
146,0.37377,-0.7049,2.0679,4.5895,1.5986,0
147,3.1018,-1.4924,0.65634,0.51612,-1.0834,0
148,-1.4498,0.43761,2.5053,-3.1176,-3.5285,0
149,-2.4912,-2.2672,2.846,5.4543,4.3673,0
150,0.75317,1.0225,0.79165,2.3802,0.4845,0
151,0.91689,2.0864,2.0256,2.8887,-3.2007,0
152,2.5687,5.5318,0.044317,-1.0851,-0.31933,0
153,-0.6737,1.6134,0.082399,3.4732,0.88425,0
154,0.66377,-0.39011,-0.097376,-5.7035,-6.5491,0
155,-0.19148,6.0031,-1.8104,4.0493,-2.8478,0
156,0.87478,3.7096,1.7505,1.1676,-4.139,0
157,5.7182,2.4755,4.7555,-3.3074,4.3884,0
158,-0.70667,3.076,-0.68585,-2.7616,0.1891,0
159,-2.9293,-0.68816,-0.45487,1.5458,4.3655,0
160,2.5209,3.9854,3.2183,1.9942,3.1357,0
161,-1.5979,1.7751,1.1682,-1.8918,2.3022,0
162,1.2204,3.151,5.6736,0.25755,-0.46683,0
163,-0.76982,-2.056,-4.0534,4.6999,1.8654,0
164,2.719,6.0327,-2.0515,-0.62732,-3.2666,0
165,2.7714,2.7553,-1.2414,0.93754,-1.2226,0
166,0.5017,-4.5079,7.579,4.2016,0.16493,0
167,-5.0502,1.9921,2.3446,3.9122,2.1698,0
168,1.5105,5.1193,-0.28155,1.3578,-4.2614,0
169,5.8916,3.7105,1.1397,-3.7228,-3.4194,0
170,4.168,5.7319,0.10273,-3.9199,1.1604,0
171,-3.6284,4.684,3.9833,2.6987,5.9824,0
172,0.87679,-1.4619,1.1046,-1.0973,2.0434,0
173,-0.9322,-5.8254,3.5036,3.0515,0.29746,0
174,-1.9609,6.2672,3.1568,-2.7981,0.84724,0
175,-2.5903,2.0294,0.35593,2.3897,1.4605,0
176,1.9792,1.4326,0.70868,2.9331,7.1277,0
177,-0.17513,-0.077732,1.4336,2.2697,1.1097,0
178,1.2802,-3.2818,-1.3485,-2.1931,3.3862,0
179,0.009154,1.8131,0.33391,-0.020243,0.75064,0
180,-0.28215,-2.9771,0.78136,2.3823,-1.1042,0
181,2.2257,-1.1029,-2.02,-3.9877,1.2726,0
182,3.2976,0.89647,3.8624,-0.68414,4.3935,0
183,7.4493,4.2335,-2.3454,-2.4955,-4.4655,0
184,-2.9591,1.9435,-1.0824,3.8457,-2.004,0
185,-1.9551,-3.0764,-2.4588,5.8611,0.7269,0
186,4.2263,6.0398,4.2461,3.5636,3.1111,0
187,-0.056624,1.2434,-0.99143,-1.362,-2.0214,0
188,-3.031,6.3919,-4.1276,1.2017,-1.2644,0
189,2.0594,-2.2236,3.4893,0.6993,3.2221,0
190,5.7725,-0.53985,5.3753,-0.96878,-2.5645,0
191,3.2365,-0.77592,3.0666,2.3491,4.6049,0
192,6.9849,1.6086,1.4657,1.468,3.8099,0
193,2.6264,-1.4691,-1.5289,-2.57,-1.3602,0
194,6.7064,-0.97679,-1.207,-1.1929,2.6734,0
195,0.09334,-5.9308,4.7386,0.67604,5.3359,0
196,-2.3066,-1.6032,4.502,3.4304,2.6819,0
197,0.4794,1.9726,-0.77433,-2.8301,3.1449,0
198,4.6835,1.1244,3.4682,-0.41823,1.6421,0
199,-2.2359,0.40396,1.7011,-0.26954,1.1477,0
200,3.0186,1.1387,-0.070637,3.9019,1.1226,0
201,-0.69146,1.5776,-1.4463,6.0709,-1.5317,0
202,2.7663,-0.034822,1.9103,5.4459,-0.52597,0
203,-2.1867,-1.193,-4.4069,3.2066,0.74399,0
204,1.3707,2.8195,-3.6694,1.5446,3.6749,0
205,-4.9009,-0.64738,7.0967,1.974,0.085539,0
206,-0.36649,1.7945,0.8338,-3.4008,5.0792,0
207,2.4989,-1.4309,8.9365,0.72397,-0.49265,0
208,0.14976,0.73334,0.3198,0.95075,2.996,0
209,4.8224,3.9077,1.5696,1.8334,-2.5901,0
210,-0.78106,-1.5896,3.8194,-1.6036,-1.3962,0
211,-5.8629,0.91529,0.51409,-0.94647,-0.49461,0
212,-2.5821,0.16117,-0.51537,2.5848,1.8222,0
213,4.2797,1.4027,5.3456,-1.9717,6.8441,0
214,0.7731,0.16896,-1.5606,-1.5075,0.97494,0
215,2.2504,-4.7921,3.4724,2.1718,0.29962,0
216,3.9454,1.1625,-0.48216,5.5008,2.9739,0
217,-5.2485,4.7231,3.2803,-1.7949,-2.4532,0
218,-0.82126,3.0042,3.5934,3.2423,1.3532,0
219,-1.0001,-0.083404,-1.44,-1.5601,1.9779,0
220,-1.9416,-1.0357,2.6487,0.3375,0.3765,0
221,0.56653,1.9573,4.1483,-0.35659,0.83625,0
222,5.6758,0.63934,-2.1063,4.4977,1.7272,0
223,0.99746,-0.31268,2.1361,3.7748,2.7958,0
224,4.7951,1.85,0.93939,-5.1945,5.5067,0
225,-0.97584,4.7817,-2.6332,-0.39075,6.577,0
226,1.1353,-6.2349,0.22445,2.6533,3.3107,0
227,-1.2359,2.7585,0.56844,-3.5991,-3.401,0
228,2.8736,-1.5341,-2.201,0.11722,1.824,0
229,0.35915,4.0073,-4.8129,-0.82563,-1.2905,0
230,2.5532,-5.791,-1.6787,2.2636,-2.0835,0
231,3.1172,0.83114,1.033,-1.5038,2.9764,0
232,0.87781,1.4228,-4.1207,0.75808,2.055,0
233,3.7803,0.30619,4.839,-0.03957,0.86062,0
234,8.0406,1.4405,-0.75155,-3.3209,-0.57342,0
235,2.6867,-3.0605,-5.142,-0.73914,-2.2621,0
236,1.0774,-2.0863,1.3825,-0.23372,-4.3886,0
237,3.8522,-0.84973,5.5126,0.72145,-3.2512,0
238,1.2806,2.3874,1.2088,0.21416,-2.3843,0
239,-2.2084,-0.8407,1.5357,-3.5877,-0.48208,0
240,2.5693,6.0213,0.96911,4.3481,2.0066,0
241,1.0978,1.6917,1.5705,5.1003,2.3031,0
242,0.28412,-4.37,3.6962,1.0115,-2.2549,0
243,4.9421,0.3471,1.5966,-1.0425,3.0874,0
244,6.703,-0.047218,3.3156,1.9835,2.7517,0
245,-0.4549,1.4096,2.5739,0.06977,5.5354,0
246,1.423,0.65244,1.4454,1.3321,-0.28027,0
247,-1.3102,0.1746,1.8901,-4.0534,0.71935,0
248,3.1541,-0.68479,-1.8988,5.7959,-0.21373,0
249,-5.981,0.29516,-1.7825,1.756,3.0818,0
250,22.949,13.716,16.935,17.713,17.051,1
251,21.186,17.81,23.873,17.32,19.186,1
252,27.999,24.873,23.551,23.79,22.159,1
253,19.203,18.589,12.222,26.106,20.057,1
254,20.973,27.824,13.695,25.905,18.208,1
255,13.784,14.095,21.112,26.835,24.082,?
256,18.046,17.844,17.371,18.754,18.999,1
257,14.019,20.627,16.262,20.935,21.108,1
258,19.36,24.039,27.879,20.371,20.453,1
259,15.736,17.829,17.241,19.539,15.473,1
260,17.666,17.921,16.284,18.148,15.95,1
261,16.977,23.007,20.864,19.366,20.209,1
262,19.22,19.696,17.764,22.54,15.4,1
263,22.526,22.173,16.523,20.862,21.456,1
264,24.335,23.811,15.714,15.305,19.897,1
265,20.971,20.677,18.179,20.465,21.383,1
266,18.002,22.652,21.511,27.91,20.881,1
267,20.222,21.966,15.476,19.188,22.391,1
268,17.37,15.434,19.694,21.226,17.846,1
269,16.854,17.793,19.916,13.64,20.485,1
270,15.461,20.811,18.916,17.338,23.036,1
271,13.966,13.153,22.913,18.813,19.98,1
272,19.488,17.336,21.884,20.638,22.023,1
273,21.701,12.563,28.714,23.471,18.904,?
274,20.303,17.728,16.208,14.684,18.68,1
275,19.66,19.28,20.425,18.938,15.064,1
276,19.744,20.527,22.32,18.01,16.573,1
277,18.009,17.698,18.223,17.434,18.629,1
278,25.342,11.09,21.537,21.129,15.015,?
279,19.024,24.176,24.969,24.688,15.647,1
280,15.441,17.939,22.354,21.484,19.781,1
281,18.776,23.782,22.605,22.11,19.299,1
282,17.975,15.401,19.281,23.123,15.901,1
283,19.32,22.28,20.845,22.865,22.279,1
284,18.514,21.11,18.391,15.747,17.934,1
285,17.151,17.957,19.488,19.725,22.182,1
286,14.471,26.292,19.658,20.214,29.625,?
287,18.336,25.499,22.945,27.358,22.608,1
288,15.04,21.486,21.257,22.679,23.909,1
289,19.397,19.686,19.877,20.064,17.514,1
290,22.407,21.54,18.814,20.798,22.748,1
291,26.793,22.454,19.227,13.627,17.171,1
292,21.243,18.039,16.459,12.505,19.873,1
293,20.916,18.984,22.224,18.992,22.495,1
294,22.842,24.499,23.446,24.067,19.766,1
295,20.97,22.771,16.884,21.166,19.145,1
296,23.569,20.962,25.059,19.876,23.237,1
297,19.126,17.127,18.471,19.575,24.71,1
298,20.076,18.204,20.472,25.671,23.263,1
299,17.711,21.992,21.016,23.856,18.96,1
300,17.406,20.448,19.215,18.703,18.521,1
301,17.899,19.187,19.517,18.82,17.008,1
302,22.121,22.13,16.447,19.704,17.045,1
303,19.893,14.306,19.888,21.131,24.165,1
304,14.183,22.631,21.809,16.406,22.78,1
305,25.166,20.054,25.552,12.311,18.862,?
306,21.646,18.673,20.2,18.278,23.779,1
307,15.05,20.928,24.778,26.968,22.753,1
308,18.559,21.419,18.812,17.913,25.982,1
309,20.307,22.734,16.055,23.691,15.86,1
310,17.387,22.156,17.782,23.167,23.286,1
311,19.365,23.253,18.259,21.873,16.235,1
312,20.7,18.994,21.819,19.691,18.186,1
313,22.785,17.86,15.948,19.308,22.737,1
314,15.47,17.387,19.585,16.814,20.029,1
315,16.592,18.5,16.646,16.383,21.269,1
316,17.754,23.116,11.694,20.802,16.452,1
317,20.196,15.064,20.71,22.517,25.558,1
318,23.719,18.92,17.38,25.737,19.924,1
319,25.493,21.091,23.36,18.452,27.588,1
320,21.908,22.335,19.06,21.495,17.724,1
321,22.12,16.976,23.417,24.779,15.862,1
322,19.256,19.267,23.092,26.584,18.877,1
323,19.385,19.973,26.335,18.331,21.303,1
324,17.284,19.545,17.987,15.061,22.8,1
325,21.164,20.898,16.527,18.829,17.499,1
326,23.397,19.728,22.801,21.631,26.836,1
327,23.572,17.98,18.74,18.747,19.419,1
328,18.85,18.379,18.801,22.169,21.999,1
329,20.336,19.746,21.4,15.79,17.537,1
330,21.576,23.918,21.285,23.404,24.473,1
331,18.038,20.685,21.097,22.892,16.68,1
332,20.373,19.907,23.261,21.682,22.249,1
333,20.75,20.621,22.523,23.882,22.526,1
334,21.248,21.208,16.418,21.224,21.01,1
335,17.836,24.735,21.16,21.335,24.999,1
336,23.722,20.851,18.201,15.424,17.075,1
337,22.609,24.454,17.016,16.777,29.222,?
338,12.55,19.778,20.299,15.567,18.135,1
339,16.407,21.657,20.159,15.452,22.858,1
340,18.707,21.249,18.364,19.959,20.465,1
341,13.647,24.257,21.577,19.352,18.369,1
342,24.387,17.351,21.999,19.127,18.85,1
343,20.384,16.97,21.57,21.916,22.372,1
344,21.623,20.962,18.424,19.792,18.554,1
345,16.296,21.961,15.988,19.356,25.472,1
346,20.275,20.151,18.122,20.983,20.783,1
347,24.775,19.588,18.258,18.1,17.419,1
348,21.862,24.306,20.213,16.729,19.245,1
349,22.062,18.036,22.028,19.934,21.169,1
350,21.494,22.24,26.355,19.069,20.039,1
351,19.509,25.356,19.945,24.697,22.517,1
352,16.358,20.437,19.685,19.103,19.191,1
353,26.117,17.772,19.189,16.894,21.215,1
354,15.626,26.425,17.331,19.099,24.043,1
355,21.055,17.272,21.223,25.005,20.25,1
356,20.858,20.592,19.554,24.438,21.057,1
357,25.903,22.762,21.573,16.895,25.454,1
358,18.714,23.178,22.579,20.426,18.106,1
359,24.089,19.925,16.202,20.179,20.287,1
360,18.177,21.382,22.559,26.835,25.382,1
361,20.313,14.414,17.54,20.503,16.637,1
362,21.949,20.055,17.696,25.533,16.637,1
363,16.84,17.043,17.717,19.242,15.011,1
364,21.524,14.788,19.025,18.93,16.649,1
365,24.966,23.503,15.388,23.645,19.505,1
366,19.95,24.015,22.434,19.9,13.658,1
367,27.471,21.195,18.115,18.561,13.939,1
368,17.658,16.127,22.833,17.849,15.213,1
369,28.045,27.755,25.873,19.758,19.584,?
370,19.634,18.421,20.839,18.696,23.231,1
371,20.499,22.441,18.776,23.933,19.892,1
372,16.942,18.915,21.682,17.511,18.033,1
373,13.83,22.893,16.53,19.961,19.168,1
374,18.732,20.481,20.137,19.723,26.398,1
375,21.449,18.401,19.991,10.974,19.446,1
376,22.171,20.129,19.45,22.792,20.502,1
377,14.66,18.753,17.892,22.253,20.578,1
378,13.917,23.209,16.982,18.306,14.71,1
379,18.374,21.59,19.805,12.02,11.87,1
380,19.819,20.737,22.112,17.198,13.622,1
381,26.934,18.633,19.105,21.407,23.39,1
382,18.754,16.981,15.679,21.635,18.368,1
383,20.247,21.641,21.339,18.294,17.805,1
384,22.527,24.324,23.228,23.662,19.748,1
385,18.107,17.034,16.821,18.58,19.795,1
386,16.337,15.449,11.426,18.908,21.414,1
387,14.907,24.229,22.944,15.986,15.962,1
388,23.209,20.321,20.184,24.714,20.581,1
389,21.14,17.396,14.354,19.64,21.514,1
390,24.621,16.444,18.113,14.225,15.793,1
391,18.321,23.164,23.462,11.92,13.297,?
392,22.71,24.518,18.229,20.437,20.307,1
393,25.832,25.606,19.16,20.113,20.09,1
394,21.49,21.708,19.968,20.838,27.536,1
395,19.738,19.879,19.836,18.501,19.395,1
396,14.853,25.469,18.438,19.693,19.489,1
397,23.4,23.805,16.48,18.846,17.719,1
398,21.735,14.634,22.085,20.23,23.532,1
399,17.342,19.322,22.138,22.849,20.547,1
400,21.277,27.161,22.555,21.181,25.116,1
401,26.088,18.342,27.249,18.284,21.629,1
402,20.747,20.518,20.285,18.027,22.716,1
403,20.379,18.592,20.033,24.118,19.756,1
404,23.548,23.986,22.865,13.953,19.959,1
405,19.644,17.674,19.938,19.945,18.363,1
406,15.684,19.366,24.183,20.269,18.325,1
407,18.015,17.246,25.228,18.779,14.408,1
408,21.951,19.342,22.609,16.672,15.419,1
409,16.949,22.555,23.377,20.524,20.904,1
410,23.799,20.491,21.164,21.406,18.9,1
411,20.421,19.661,20.527,25.201,17.373,1
412,20.041,16.867,17.873,18.212,23.377,1
413,20.838,15.347,19.987,17.091,21.999,1
414,19.474,20.681,16.637,19.482,18.059,1
415,17.949,20.857,25.678,22.382,23.408,1
416,21.092,20.741,19.458,15.113,15.784,1
417,23.583,14.461,17.757,21.689,25.738,1
418,24.589,22.199,16.982,22.419,19.682,1
419,17.576,20.087,22.637,19.934,22.191,1
420,22.106,23.59,21.299,19.895,21.439,1
421,16.602,19.657,22.622,21.044,18.034,1
422,23.568,20.593,23.174,18.246,23.077,1
423,19.729,17.826,19.64,19.655,21.516,1
424,20.34,16.607,24.596,22.667,18.203,1
425,24.824,19.316,20.463,18.949,20.369,1
426,13.448,23.274,22.366,16.773,16.064,1
427,20.023,25.037,14.782,23.626,18.646,1
428,16.425,15.287,20.476,21.124,15.317,1
429,15.009,20.26,18.502,23.061,18.035,1
430,21.596,19.77,17.759,21.302,18.988,1
431,18.47,19.82,13.558,16.399,21.925,1
432,18.474,21.914,14.523,24.314,19.096,1
433,19.936,16.645,19.797,19.755,17.271,1
434,18.378,16.485,19.695,17.522,19.424,1
435,17.996,20.281,16.385,16.952,15.603,1
436,22.318,20.782,17.692,19.321,17.501,1
437,17.24,18.616,22.796,22.04,24.867,1
438,18.909,18.887,19.406,20.931,20.139,1
439,21.164,22.469,19.755,18.005,17.109,1
440,17.276,17.443,22.669,18.914,19.574,1
441,19.659,19.084,24.329,23.665,18.538,1
442,21.567,21.975,16.6,17.385,17.024,1
443,20.147,20.575,25.394,19.407,19.546,1
444,27.426,25.103,20.406,25.313,18.954,1
445,15.765,19.058,19.105,14.862,19.534,1
446,22.755,19.878,24.904,21.222,25.023,1
447,22.018,18.745,21.953,18.057,18.839,1
448,17.182,17.696,18.915,20.338,18.602,1
449,17.924,22.209,19.162,23.656,22.589,1
450,19.881,15.724,18.021,21.009,22.058,1
451,19.647,18.722,17.237,23.386,21.553,1
452,19.453,11.849,22.104,17.234,19.771,1
453,15.008,21.431,19.932,23.408,16.711,1
454,24.792,21.99,11.51,17.698,20.664,1
455,18.277,22.28,19.505,17.997,18.663,1
456,19.968,16.604,21.686,25.505,20.925,1
457,20.545,19.519,22.213,17.219,18.258,1
458,22.442,20.175,19.453,18.607,20.865,1
459,21.215,14.527,18.209,19.92,18.728,1
460,20.42,14.396,21.051,20.755,18.205,1
461,15.483,17.19,18.307,20.534,15.401,1
462,22.593,23.978,21.69,22.37,16.99,1
463,24.465,26.526,14.087,20.398,24.408,?
464,15.37,19.643,21.52,19.05,26.029,1
465,15.081,14.03,24.757,19.265,17.088,1
466,19.46,20.425,22.152,19.213,19.523,1
467,19.928,20.829,21.621,14.909,19.559,1
468,17.154,19.05,17.514,19.414,18.109,1
469,17.99,19.963,18.337,20.316,25.028,1
470,19.599,14.136,23.878,26.761,22.444,1
471,15.953,14.732,18.506,21.392,17.87,1
472,21.883,22.312,14.697,21.692,15.659,1
473,19.863,18.946,17.174,16.321,19.351,1
474,20.132,14.81,22.721,18.424,20.031,1
475,24.472,19.209,20.077,14.267,15.083,1
476,17.352,16.992,21.195,22.719,22.113,1
477,24.335,22.202,21.746,18.414,19.903,1
478,22.849,19.852,25.727,18.683,24.085,1
479,19.184,20.536,22.096,20.159,19.255,1
480,20.628,21.24,13.017,19.855,20.534,1
481,23.943,17.032,24.096,22.523,18.447,1
482,20.666,20.031,24.126,19.826,20.156,1
483,21.111,19.437,18.592,20.994,23.276,1
484,20.88,21.813,18.069,22.204,23.932,1
485,19.466,25.216,23.024,20.378,20.316,1
486,23.628,21.034,18.487,14.533,26.572,?
487,22.619,19.667,18.747,21.847,19.524,1
488,24.85,20.292,24.153,20.422,23.994,1
489,18.447,17.658,20.796,19.388,20.472,1
490,21.38,14.652,25.597,18.044,19.098,1
491,21.904,21.299,17.555,22.531,25.198,1
492,20.345,18.363,18.272,14.347,19.833,1
493,23.623,21.216,25.081,20.284,19.457,1
494,21.572,19.993,18.02,22.285,19.209,1
495,16.36,17.807,15.686,18.012,20.06,1
496,18.343,20.205,17.686,13.918,18.861,1
497,17.506,21.525,20.427,18.729,19.826,1
498,20.746,20.201,21.089,16.672,18.996,1
499,18.164,19.855,20.49,25.145,17.43,1
500,-20.034,-22.639,-17.428,-18.382,-24.15,2
501,-24.576,-19.468,-20.201,-25.694,-24.315,2
502,-20.425,-17.093,-21.297,-13.89,-16.617,2
503,-19.676,-15.869,-19.772,-20.885,-20.154,2
504,-18.94,-18.72,-24.009,-18.606,-19.339,2
505,-17.193,-17.991,-20.559,-16.616,-21.086,2
506,-23.464,-20.063,-25.383,-18.583,-22.97,2
507,-23.589,-19.726,-15.517,-23.13,-20.324,2
508,-13.902,-20.479,-21.312,-21.247,-21.066,2
509,-11.837,-20.508,-17.72,-20.899,-19.628,2
510,-17.203,-19.983,-14.047,-18.483,-19.618,2
511,-21.654,-21.301,-22.498,-20.106,-20.88,2
512,-18.181,-19.341,-20.925,-20.154,-17.19,2
513,-19.371,-18.094,-21.686,-14.642,-19.375,2
514,-26.153,-20.453,-20.855,-14.543,-21.079,2
515,-19.743,-17.156,-17.02,-13.271,-22.343,2
516,-20.317,-20.619,-25.629,-17.522,-17.651,2
517,-18.588,-15.889,-16.595,-22.562,-18.077,2
518,-19.674,-22.858,-17.773,-25.258,-27.79,?
519,-30.458,-20.644,-19.36,-22.487,-19.973,2
520,-23.345,-24.226,-18.039,-17.963,-20.736,2
521,-24.353,-22.705,-20.983,-20.594,-19.321,2
522,-22.327,-22.964,-15.878,-20.068,-17.946,2
523,-25.522,-19.056,-19.565,-20.731,-22.3,2
524,-20.747,-20.883,-21.667,-16.684,-20.906,2
525,-22.72,-22.47,-21.027,-17.347,-25.232,2
526,-18.186,-19.35,-15.606,-20.153,-19.04,2
527,-22.045,-20.201,-19.717,-18.703,-21.694,2
528,-18.192,-20.805,-20.603,-15.723,-16.1,2
529,-24.116,-23.919,-18.46,-20.776,-18.403,2
530,-25.684,-18.397,-20.176,-28.849,-24.349,2
531,-22.932,-19.699,-18.802,-16.978,-23.239,2
532,-18.114,-17.726,-20.381,-29.415,-19.069,2
533,-16.504,-15.464,-18.374,-19.557,-24.955,2
534,-21.785,-23.726,-15.847,-20.077,-19.426,2
535,-15.275,-18.508,-21.157,-21.349,-22.502,2
536,-20.316,-23.507,-17.928,-22.069,-13.341,2
537,-19.583,-20.64,-21.165,-18.621,-20.227,2
538,-20.822,-19.607,-20.958,-16.59,-16.343,2
539,-21.617,-24.188,-20.103,-18.635,-21.761,2
540,-19.165,-23.643,-20.732,-19.077,-21.888,2
541,-18.23,-18.936,-21.668,-20.921,-21.949,2
542,-20.572,-19.632,-24.154,-17.795,-19.331,2
543,-28.022,-18.013,-23.119,-18.916,-25.94,2
544,-13.482,-24.664,-18.253,-26.478,-24.385,2
545,-22.822,-18.465,-15.472,-18.738,-17.119,2
546,-14.182,-17.753,-23.639,-19.247,-23.495,2
547,-16.901,-15.15,-21.372,-21.897,-20.918,2
548,-27.978,-20.837,-17.563,-20.202,-20.543,2
549,-19.966,-19.292,-20.205,-22.298,-18.693,2
550,-19.197,-19.703,-16.332,-20.307,-22.72,2
551,-17.574,-22.34,-22.183,-20.984,-18.232,2
552,-18.173,-18.243,-21.149,-19.468,-23.357,2
553,-18.218,-24.026,-25.233,-24.208,-25.029,2
554,-19.078,-22.309,-22.942,-19.177,-20.427,2
555,-18.723,-19.475,-16.354,-18.368,-21.018,2
556,-14.925,-17.387,-19.015,-22.73,-23.158,2
557,-18.406,-17.536,-21.345,-20.334,-19.391,2
558,-20.481,-19.248,-19.002,-21.242,-21.572,2
559,-19.921,-14.064,-21.809,-17.96,-16.929,2
560,-18.055,-15.227,-18.318,-19.7,-20.451,2
561,-20.062,-22.187,-25.35,-18.62,-18.586,2
562,-22.328,-16.096,-16.631,-24.324,-14.531,2
563,-23.074,-18.535,-19.511,-19.581,-25.563,2
564,-19.055,-13.987,-18.166,-23.681,-23.756,2
565,-17.018,-17.67,-21.874,-19.878,-16.308,2
566,-16.031,-19.249,-23.656,-22.721,-24.1,2
567,-17.246,-18.217,-23.762,-18.811,-20.426,2
568,-22.144,-13.822,-25.725,-23.337,-20.171,2
569,-17.491,-19.445,-19.511,-19.994,-17.416,2
570,-22.961,-27.077,-24.429,-20.345,-25.224,2
571,-20.325,-25.323,-16.369,-20.57,-20.465,2
572,-24.01,-23.266,-21.658,-15.47,-22.039,2
573,-15.958,-23.452,-16.146,-16.171,-18.281,2
574,-18.598,-21.933,-20.083,-22.276,-20.664,2
575,-17.167,-20.648,-22.999,-26.567,-19.665,2
576,-20.331,-21.941,-19.593,-26.919,-18.338,2
577,-19.038,-24.639,-15.172,-22.321,-19.492,2
578,-23.187,-21.268,-21.108,-26.756,-23.092,2
579,-23.865,-17.739,-20.855,-21.118,-16.73,2
580,-23.046,-21.153,-18.729,-18.209,-24.608,2
581,-14.539,-22.53,-18.439,-15.697,-18.114,2
582,-18.85,-19.297,-21.211,-18.729,-18.636,2
583,-20.906,-20.805,-18.109,-22.085,-18.805,2
584,-21.461,-19.497,-22.067,-24.625,-20.621,2
585,-23.13,-19.076,-20.366,-16.693,-20.712,2
586,-16.047,-26.147,-16.489,-20.412,-19.803,2
587,-17.009,-17.556,-17.096,-11.589,-21.236,2
588,-18.592,-18.719,-15.454,-19.978,-19.285,2
589,-18.612,-21.403,-18.061,-21.779,-17.463,2
590,-16.06,-17.589,-17.577,-21.625,-22.106,2
591,-16.549,-18.325,-21.902,-16.212,-16.269,2
592,-15.565,-17.613,-18.667,-22.2,-21.103,2
593,-22.951,-24.294,-18.173,-19.138,-24.878,2
594,-21.865,-21.919,-20.389,-13.369,-20.086,2
595,-16.337,-21.328,-15.24,-17.976,-14.918,2
596,-16.671,-22.353,-15.714,-19.094,-12.809,2
597,-16.67,-19.792,-21.008,-16.83,-20.519,2
598,-19.544,-17.78,-23.292,-17.941,-16.554,2
599,-19.183,-16.277,-24.626,-21.293,-23.163,2
600,-20.932,-17.329,-19.498,-18.907,-19.632,2
601,-20.063,-19.604,-22.523,-21.244,-23.028,2
602,-15.829,-22.77,-21.885,-20.735,-17.612,2
603,-19.026,-20.331,-16.335,-22.324,-18.291,2
604,-19.22,-18.561,-22.608,-21.006,-12.763,2
605,-18.729,-19.602,-18.942,-20.802,-17.451,2
606,-24.937,-20.101,-21.774,-18.076,-18.956,2
607,-13.822,-21.671,-23.617,-21.256,-21.8,2
608,-21.556,-25.117,-16.483,-20.038,-20.268,2
609,-13.546,-19.683,-17.317,-15.871,-18.823,2
610,-20.027,-17.618,-17.792,-17.154,-22.144,2
611,-18.03,-19.575,-19.408,-23.392,-23.274,2
612,-21.417,-18.481,-20.092,-13.141,-20.582,2
613,-15.106,-19.461,-19.887,-15.368,-15.521,2
614,-19.614,-18.001,-17.549,-23.116,-16.859,2
615,-19.893,-16.004,-19.925,-19.691,-17.335,2
616,-18.251,-23.034,-22.166,-19.195,-19.964,2
617,-16.61,-23.032,-22.315,-20.287,-17.828,2
618,-23.035,-23.469,-15.525,-18.605,-15.25,2
619,-24.005,-17.149,-19.573,-22.258,-19.001,2
620,-17.798,-17.309,-24.79,-19.354,-19.198,2
621,-19.071,-21.958,-21.456,-20.571,-13.351,2
622,-25.192,-19.338,-20.957,-18.246,-17.747,2
623,-17.076,-23.374,-18.325,-17.275,-21.983,2
624,-21.75,-20.496,-15.432,-18.659,-19.576,2
625,-18.493,-13.309,-15.843,-19.328,-19.317,2
626,-16.444,-20.022,-20.111,-15.707,-19.371,2
627,-17.137,-17.562,-20.661,-19.471,-18.967,2
628,-21.93,-18.955,-18.464,-19.67,-24.616,2
629,-20.055,-20.532,-17.863,-20.305,-18.137,2
630,-17.177,-22.752,-18.702,-15.701,-20.013,2
631,-16.245,-25.081,-19.73,-21.81,-20.639,2
632,-18.173,-20.756,-22.053,-19.578,-21.097,2
633,-15.337,-21.689,-22.305,-16.713,-20.67,2
634,-17.15,-23.061,-20.094,-24.701,-19.827,2
635,-18.365,-17.595,-21.976,-23.483,-24.347,2
636,-22.101,-22.372,-23.244,-19.103,-20.59,2
637,-19.064,-19.088,-19.333,-18.322,-22.082,2
638,-17.68,-18.333,-24.724,-20.512,-18.262,2
639,-16.78,-20.363,-19.774,-18.62,-20.447,2
640,-19.979,-18.678,-17.104,-24.567,-19.151,2
641,-20.251,-14.963,-20.02,-21.557,-19.884,2
642,-16.593,-23.807,-22.189,-23.504,-21.174,2
643,-16.033,-21.219,-21.689,-22.603,-18.492,2
644,-19.777,-21.418,-20.029,-25.287,-17.145,2
645,-22.03,-24.516,-20.898,-19.609,-23.917,2
646,-19.873,-19.893,-22.948,-21.508,-19.452,2
647,-19.326,-17.407,-17.481,-18.093,-21.867,2
648,-18.054,-13.047,-16.934,-25.098,-21.156,2
649,-29.806,-16.784,-20.523,-23.018,-19.359,2
650,-15.493,-15.931,-17.616,-17.634,-14.71,2
651,-25.264,-23.598,-20.537,-19.044,-18.981,2
652,-22.569,-17.822,-15.417,-23.512,-25.798,2
653,-24.673,-16.796,-23.035,-18.391,-13.059,2
654,-22.335,-20.591,-23.209,-12.822,-19.368,2
655,-23.941,-18.164,-17.194,-17.492,-20.412,2
656,-18.742,-24.26,-17.63,-17.472,-17.525,2
657,-15.632,-16.742,-19.681,-21.076,-15.417,2
658,-22.625,-25.484,-17.412,-14.094,-19.208,2
659,-21.986,-24.769,-14.731,-22.077,-15.48,2
660,-23.644,-22.152,-21.533,-15.166,-18.584,2
661,-17.866,-19.893,-22.476,-19.502,-23.243,2
662,-23.533,-13.983,-12.973,-16.263,-19.901,2
663,-20.241,-17.381,-21.486,-24.187,-20.781,2
664,-22.563,-20.571,-26.976,-20.642,-18.145,2
665,-21.113,-17.212,-18.513,-22.386,-18.104,2
666,-19.024,-19.39,-23.171,-20.487,-21.129,2
667,-17.906,-21.447,-20.757,-21.375,-19.941,2
668,-23.991,-21.419,-22.152,-16.13,-19.952,2
669,-23.206,-20.679,-20.78,-18.534,-19.834,2
670,-22.283,-18.409,-17.462,-12.156,-19.621,2
671,-22.232,-19.225,-18.061,-16.354,-17.547,2
672,-18.257,-18.121,-21.623,-19.486,-16.541,2
673,-21.76,-18.044,-23.505,-20.381,-21.336,2
674,-22.568,-26.464,-13.593,-25.841,-17.532,2
675,-27.133,-17.621,-19.01,-16.764,-24.217,2
676,-21.123,-20.198,-24.409,-21.215,-17.444,2
677,-18.631,-18.572,-18.178,-20.53,-19.195,2
678,-17.296,-16.063,-19.649,-19.407,-22.594,2
679,-17.816,-18.053,-20.669,-20.336,-17.447,2
680,-21.913,-20.155,-18.263,-18.144,-23.411,2
681,-22.36,-14.418,-21.69,-28.725,-22.136,2
682,-15.967,-16.767,-20.469,-23.083,-18.739,2
683,-27.818,-22.055,-24.761,-22.009,-20.634,2
684,-16.341,-18.02,-19.509,-16.541,-14.847,2
685,-19.549,-20.255,-20.365,-18.864,-21.917,2
686,-22.877,-11.757,-27.78,-15.024,-20.052,?
687,-18.351,-21.97,-27.576,-25.693,-24.513,?
688,-22.377,-15.134,-17.721,-18.855,-25.199,2
689,-16.407,-21.409,-22.226,-21.549,-18.986,2
690,-14.662,-21.284,-20.424,-27.154,-22.726,2
691,-14.859,-20.791,-23.402,-19.755,-25.171,2
692,-20.403,-22.86,-20.278,-15.678,-19.28,2
693,-22.567,-19.045,-22.922,-22.582,-17.726,2
694,-22.532,-21.4,-15.483,-19.416,-20.832,2
695,-23.107,-19.213,-17.728,-21.324,-13.304,2
696,-21.889,-17.594,-26.403,-18.741,-20.933,2
697,-26.578,-26.142,-15.544,-13.736,-16.475,2
698,-18.723,-24.571,-20.395,-24.818,-19.914,2
699,-18.155,-15.766,-18.99,-18.156,-14.388,2
700,-20.56,-21.501,-16.88,-21.89,-20.496,2
701,-22.506,-22.93,-18.697,-16.214,-18.958,2
702,-19.884,-20.991,-16.49,-13.86,-16.603,2
703,-21.762,-19.52,-22.48,-21.407,-16.211,2
704,-20.905,-23.541,-23.319,-27.695,-23.054,2
705,-18.217,-19.461,-18.895,-22.202,-22.858,2
706,-18.106,-18.305,-19.77,-14.753,-17.649,2
707,-23.835,-20.345,-22.774,-21.578,-19.948,2
708,-17.093,-19.666,-20.121,-19.97,-24.275,2
709,-21.806,-24.367,-24.975,-21.469,-25.759,2
710,-23.582,-22.348,-17.889,-19.193,-20.3,2
711,-27.832,-24.131,-19.151,-23.33,-16.696,2
712,-24.074,-19.966,-17.926,-18.54,-19.033,2
713,-19.873,-20.801,-16.395,-17.583,-18.649,2
714,-22.074,-21.488,-21.904,-23.767,-18.743,2
715,-25.486,-22.296,-21.275,-20.427,-18.355,2
716,-16.918,-20.404,-20.214,-21.029,-17.774,2
717,-15.06,-22.03,-17.86,-21.817,-23.583,2
718,-20.433,-20.984,-16.726,-13.025,-21.115,2
719,-18.846,-24.07,-18.743,-20.822,-19.262,2
720,-15.878,-18.828,-20.084,-22.397,-18.48,2
721,-21.464,-22.883,-16.469,-17.627,-21.849,2
722,-22.06,-23.98,-21.127,-22.619,-21.961,2
723,-18.088,-16.882,-15.634,-23.037,-22.014,2
724,-20.251,-22.801,-23.465,-17.795,-23.725,2
725,-21.161,-18.629,-20.626,-16.593,-22.909,2
726,-21.098,-20.084,-21.124,-19.321,-15.917,2
727,-19.566,-13.42,-26.847,-21.722,-21.042,2
728,-16.67,-25.509,-22.182,-21.331,-19.365,2
729,-18.535,-18.029,-20.338,-22.386,-19.318,2
730,-16.151,-17.638,-21.307,-19.105,-22.693,2
731,-16.419,-17.234,-17.621,-17.812,-17.326,2
732,-19.309,-19.625,-21.503,-16.688,-21.715,2
733,-21.351,-20.269,-18,-26.416,-18.018,2
734,-22.047,-16.684,-21.171,-26.518,-18.969,2
735,-18.565,-22.598,-23.218,-22.488,-19.807,2
736,-17.122,-21.712,-16.553,-19.345,-19.282,2
737,-18.697,-19.561,-18.732,-23.506,-14.559,2
738,-18.259,-18.527,-22.962,-22.099,-18.486,2
739,-22.243,-25.604,-19.144,-17.734,-18.689,2
740,-22.528,-19.563,-20.023,-19.261,-21.195,2
741,-26.756,-20.167,-21.117,-22.302,-18.903,2
742,-14.982,-19.456,-21.747,-21.892,-21,2
743,-22.933,-20.68,-18.391,-19.022,-26.484,2
744,-18.919,-21.226,-16.848,-12.544,-20.761,2
745,-16.267,-14.686,-20.971,-17.169,-19.283,2
746,-19.742,-14.853,-15.677,-17.189,-19.313,2
747,-24.663,-22.881,-18.955,-19.215,-22.775,2
748,-25.356,-19.289,-16.858,-22.722,-20.142,2
749,-16.092,-18.798,-21.502,-23.708,-18.664,2